"Term","Course","Title","Section","CRN","Days","Times","Location","Status","Max","Now","Instructor","Delivery Mode","Credits","Info","Comments"
"202690","CHEM121","FUND OF CHEMICAL PRINCIPLES I","001","91492","F","4:00 PM - 5:20 PM","KUPF 205","Closed","10","13","Edens, Gregory","Face-to-Face","3","https://www.bkstr.com/webapp/wcs/stores/servlet/booklookServlet?bookstore_id-1=584&term_id-1=2026 Fall&crn-1=91492","This course has common exams.<br />See https://www5.njit.edu/registrar/exams/ for details."
"202690","CHEM121","FUND OF CHEMICAL PRINCIPLES I","001","91492","T","11:30 AM - 12:50 PM","WEST LECT 1","Closed","10","13","Edens, Gregory","Face-to-Face","3","https://www.bkstr.com/webapp/wcs/stores/servlet/booklookServlet?bookstore_id-1=584&term_id-1=2026 Fall&crn-1=91492","This course has common exams.<br />See https://www5.njit.edu/registrar/exams/ for details."
"202690","CHEM121","FUND OF CHEMICAL PRINCIPLES I","003","91493","R","4:00 PM - 5:20 PM","KUPF 106","Closed","10","12","Edens, Gregory","Face-to-Face","3","https://www.bkstr.com/webapp/wcs/stores/servlet/booklookServlet?bookstore_id-1=584&term_id-1=2026 Fall&crn-1=91493","This course has common exams.<br />See https://www5.njit.edu/registrar/exams/ for details."
"202690","CHEM121","FUND OF CHEMICAL PRINCIPLES I","003","91493","T","11:30 AM - 12:50 PM","WEST LECT 1","Closed","10","12","Edens, Gregory","Face-to-Face","3","https://www.bkstr.com/webapp/wcs/stores/servlet/booklookServlet?bookstore_id-1=584&term_id-1=2026 Fall&crn-1=91493","This course has common exams.<br />See https://www5.njit.edu/registrar/exams/ for details."
"202690","CHEM121","FUND OF CHEMICAL PRINCIPLES I","005","96952","R","11:30 AM - 12:50 PM","KUPF 104","Closed","0","0","Edens, Gregory","Face-to-Face","3","https://www.bkstr.com/webapp/wcs/stores/servlet/booklookServlet?bookstore_id-1=584&term_id-1=2026 Fall&crn-1=96952","This course has common exams.<br />See https://www5.njit.edu/registrar/exams/ for details."
"202690","CHEM121","FUND OF CHEMICAL PRINCIPLES I","005","96952","T","11:30 AM - 12:50 PM","WEST LECT 1","Closed","0","0","Edens, Gregory","Face-to-Face","3","https://www.bkstr.com/webapp/wcs/stores/servlet/booklookServlet?bookstore_id-1=584&term_id-1=2026 Fall&crn-1=96952","This course has common exams.<br />See https://www5.njit.edu/registrar/exams/ for details."
"202690","CHEM121","FUND OF CHEMICAL PRINCIPLES I","101","91494","R","6:00 PM - 8:50 PM","FMH 306","Closed","20","20","Morales Navas, Camila","Face-to-Face","3","https://www.bkstr.com/webapp/wcs/stores/servlet/booklookServlet?bookstore_id-1=584&term_id-1=2026 Fall&crn-1=91494","This course has common exams.<br />See https://www5.njit.edu/registrar/exams/ for details."
"202690","CHEM125","GENERAL CHEMISTRY I","001","91495","M","11:30 AM - 12:50 PM","TIER LECT 1","Open","6","3","DePaolo, Patrick","Face-to-Face","3","https://www.bkstr.com/webapp/wcs/stores/servlet/booklookServlet?bookstore_id-1=584&term_id-1=2026 Fall&crn-1=91495","This course has common exams.<br />See https://www5.njit.edu/registrar/exams/ for details."
"202690","CHEM125","GENERAL CHEMISTRY I","001","91495","R","2:30 PM - 3:50 PM","FMH 213","Open","6","3","DePaolo, Patrick","Face-to-Face","3","https://www.bkstr.com/webapp/wcs/stores/servlet/booklookServlet?bookstore_id-1=584&term_id-1=2026 Fall&crn-1=91495","This course has common exams.<br />See https://www5.njit.edu/registrar/exams/ for details."
"202690","CHEM125","GENERAL CHEMISTRY I","003","91496","M","11:30 AM - 12:50 PM","TIER LECT 1","Open","6","4","DePaolo, Patrick","Face-to-Face","3","https://www.bkstr.com/webapp/wcs/stores/servlet/booklookServlet?bookstore_id-1=584&term_id-1=2026 Fall&crn-1=91496","This course has common exams.<br />See https://www5.njit.edu/registrar/exams/ for details."
"202690","CHEM125","GENERAL CHEMISTRY I","003","91496","R","11:30 AM - 12:50 PM","FMH 213","Open","6","4","DePaolo, Patrick","Face-to-Face","3","https://www.bkstr.com/webapp/wcs/stores/servlet/booklookServlet?bookstore_id-1=584&term_id-1=2026 Fall&crn-1=91496","This course has common exams.<br />See https://www5.njit.edu/registrar/exams/ for details."
"202690","CHEM125","GENERAL CHEMISTRY I","005","91497","M","11:30 AM - 12:50 PM","TIER LECT 1","Closed","6","6","DePaolo, Patrick","Face-to-Face","3","https://www.bkstr.com/webapp/wcs/stores/servlet/booklookServlet?bookstore_id-1=584&term_id-1=2026 Fall&crn-1=91497","This course has common exams.<br />See https://www5.njit.edu/registrar/exams/ for details."
"202690","CHEM125","GENERAL CHEMISTRY I","005","91497","W","11:30 AM - 12:50 PM","FMH 306","Closed","6","6","DePaolo, Patrick","Face-to-Face","3","https://www.bkstr.com/webapp/wcs/stores/servlet/booklookServlet?bookstore_id-1=584&term_id-1=2026 Fall&crn-1=91497","This course has common exams.<br />See https://www5.njit.edu/registrar/exams/ for details."
"202690","CHEM125","GENERAL CHEMISTRY I","007","91498","T","11:30 AM - 12:50 PM","FMH 213","Open","6","2","Koh, Kevin","Face-to-Face","3","https://www.bkstr.com/webapp/wcs/stores/servlet/booklookServlet?bookstore_id-1=584&term_id-1=2026 Fall&crn-1=91498","This course has common exams.<br />See https://www5.njit.edu/registrar/exams/ for details."
"202690","CHEM125","GENERAL CHEMISTRY I","007","91498","W","10:00 AM - 11:20 AM","TIER LECT 1","Open","6","2","Koh, Kevin","Face-to-Face","3","https://www.bkstr.com/webapp/wcs/stores/servlet/booklookServlet?bookstore_id-1=584&term_id-1=2026 Fall&crn-1=91498","This course has common exams.<br />See https://www5.njit.edu/registrar/exams/ for details."
"202690","CHEM125","GENERAL CHEMISTRY I","009","91499","M","11:30 AM - 12:50 PM","FMH 213","Open","6","3","Koh, Kevin","Face-to-Face","3","https://www.bkstr.com/webapp/wcs/stores/servlet/booklookServlet?bookstore_id-1=584&term_id-1=2026 Fall&crn-1=91499","This course has common exams.<br />See https://www5.njit.edu/registrar/exams/ for details."
"202690","CHEM125","GENERAL CHEMISTRY I","009","91499","W","10:00 AM - 11:20 AM","TIER LECT 1","Open","6","3","Koh, Kevin","Face-to-Face","3","https://www.bkstr.com/webapp/wcs/stores/servlet/booklookServlet?bookstore_id-1=584&term_id-1=2026 Fall&crn-1=91499","This course has common exams.<br />See https://www5.njit.edu/registrar/exams/ for details."
"202690","CHEM125","GENERAL CHEMISTRY I","011","91500","R","10:00 AM - 11:20 AM","FMH 213","Open","6","3","Koh, Kevin","Face-to-Face","3","https://www.bkstr.com/webapp/wcs/stores/servlet/booklookServlet?bookstore_id-1=584&term_id-1=2026 Fall&crn-1=91500","This course has common exams.<br />See https://www5.njit.edu/registrar/exams/ for details."
"202690","CHEM125","GENERAL CHEMISTRY I","011","91500","W","10:00 AM - 11:20 AM","TIER LECT 1","Open","6","3","Koh, Kevin","Face-to-Face","3","https://www.bkstr.com/webapp/wcs/stores/servlet/booklookServlet?bookstore_id-1=584&term_id-1=2026 Fall&crn-1=91500","This course has common exams.<br />See https://www5.njit.edu/registrar/exams/ for details."
"202690","CHEM125","GENERAL CHEMISTRY I","013","91501","R","4:00 PM - 5:20 PM","FMH 213","Open","6","3","DePaolo, Patrick","Face-to-Face","3","https://www.bkstr.com/webapp/wcs/stores/servlet/booklookServlet?bookstore_id-1=584&term_id-1=2026 Fall&crn-1=91501","This course has common exams.<br />See https://www5.njit.edu/registrar/exams/ for details."
"202690","CHEM125","GENERAL CHEMISTRY I","013","91501","W","1:00 PM - 2:20 PM","TIER LECT 1","Open","6","3","DePaolo, Patrick","Face-to-Face","3","https://www.bkstr.com/webapp/wcs/stores/servlet/booklookServlet?bookstore_id-1=584&term_id-1=2026 Fall&crn-1=91501","This course has common exams.<br />See https://www5.njit.edu/registrar/exams/ for details."
"202690","CHEM125","GENERAL CHEMISTRY I","015","91502","R","8:30 AM - 9:50 AM","FMH 213","Open","6","3","DePaolo, Patrick","Face-to-Face","3","https://www.bkstr.com/webapp/wcs/stores/servlet/booklookServlet?bookstore_id-1=584&term_id-1=2026 Fall&crn-1=91502","This course has common exams.<br />See https://www5.njit.edu/registrar/exams/ for details."
"202690","CHEM125","GENERAL CHEMISTRY I","015","91502","W","1:00 PM - 2:20 PM","TIER LECT 1","Open","6","3","DePaolo, Patrick","Face-to-Face","3","https://www.bkstr.com/webapp/wcs/stores/servlet/booklookServlet?bookstore_id-1=584&term_id-1=2026 Fall&crn-1=91502","This course has common exams.<br />See https://www5.njit.edu/registrar/exams/ for details."
"202690","CHEM125","GENERAL CHEMISTRY I","017","91503","T","8:30 AM - 9:50 AM","FMH 213","Open","6","4","DePaolo, Patrick","Face-to-Face","3","https://www.bkstr.com/webapp/wcs/stores/servlet/booklookServlet?bookstore_id-1=584&term_id-1=2026 Fall&crn-1=91503","This course has common exams.<br />See https://www5.njit.edu/registrar/exams/ for details."
"202690","CHEM125","GENERAL CHEMISTRY I","017","91503","W","1:00 PM - 2:20 PM","TIER LECT 1","Open","6","4","DePaolo, Patrick","Face-to-Face","3","https://www.bkstr.com/webapp/wcs/stores/servlet/booklookServlet?bookstore_id-1=584&term_id-1=2026 Fall&crn-1=91503","This course has common exams.<br />See https://www5.njit.edu/registrar/exams/ for details."
"202690","CHEM125","GENERAL CHEMISTRY I","019","91504","F","8:30 AM - 9:50 AM","FMH 213","Open","6","3","Peels, Mieke","Face-to-Face","3","https://www.bkstr.com/webapp/wcs/stores/servlet/booklookServlet?bookstore_id-1=584&term_id-1=2026 Fall&crn-1=91504","This course has common exams.<br />See https://www5.njit.edu/registrar/exams/ for details."
"202690","CHEM125","GENERAL CHEMISTRY I","019","91504","R","4:00 PM - 5:20 PM","TIER LECT 1","Open","6","3","Peels, Mieke","Face-to-Face","3","https://www.bkstr.com/webapp/wcs/stores/servlet/booklookServlet?bookstore_id-1=584&term_id-1=2026 Fall&crn-1=91504","This course has common exams.<br />See https://www5.njit.edu/registrar/exams/ for details."
"202690","CHEM125","GENERAL CHEMISTRY I","021","91505","M","1:00 PM - 2:20 PM","FMH 213","Open","6","3","Peels, Mieke","Face-to-Face","3","https://www.bkstr.com/webapp/wcs/stores/servlet/booklookServlet?bookstore_id-1=584&term_id-1=2026 Fall&crn-1=91505","This course has common exams.<br />See https://www5.njit.edu/registrar/exams/ for details."
"202690","CHEM125","GENERAL CHEMISTRY I","021","91505","R","4:00 PM - 5:20 PM","TIER LECT 1","Open","6","3","Peels, Mieke","Face-to-Face","3","https://www.bkstr.com/webapp/wcs/stores/servlet/booklookServlet?bookstore_id-1=584&term_id-1=2026 Fall&crn-1=91505","This course has common exams.<br />See https://www5.njit.edu/registrar/exams/ for details."
"202690","CHEM125","GENERAL CHEMISTRY I","023","91506","R","4:00 PM - 5:20 PM","TIER LECT 1","Open","6","3","Peels, Mieke","Face-to-Face","3","https://www.bkstr.com/webapp/wcs/stores/servlet/booklookServlet?bookstore_id-1=584&term_id-1=2026 Fall&crn-1=91506","This course has common exams.<br />See https://www5.njit.edu/registrar/exams/ for details."
"202690","CHEM125","GENERAL CHEMISTRY I","023","91506","T","1:00 PM - 2:20 PM","FMH 306","Open","6","3","Peels, Mieke","Face-to-Face","3","https://www.bkstr.com/webapp/wcs/stores/servlet/booklookServlet?bookstore_id-1=584&term_id-1=2026 Fall&crn-1=91506","This course has common exams.<br />See https://www5.njit.edu/registrar/exams/ for details."
"202690","CHEM125","GENERAL CHEMISTRY I","025","91507","TF","1:00 PM - 2:20 PM","KUPF 205","Open","6","3","","Face-to-Face","3","https://www.bkstr.com/webapp/wcs/stores/servlet/booklookServlet?bookstore_id-1=584&term_id-1=2026 Fall&crn-1=91507","This course has common exams.<br />See https://www5.njit.edu/registrar/exams/ for details."
"202690","CHEM125","GENERAL CHEMISTRY I","027","91508","M","2:30 PM - 3:50 PM","CKB 124","Open","6","3","","Face-to-Face","3","https://www.bkstr.com/webapp/wcs/stores/servlet/booklookServlet?bookstore_id-1=584&term_id-1=2026 Fall&crn-1=91508","This course has common exams.<br />See https://www5.njit.edu/registrar/exams/ for details."
"202690","CHEM125","GENERAL CHEMISTRY I","027","91508","W","10:00 AM - 11:20 AM","CKB 124","Open","6","3","","Face-to-Face","3","https://www.bkstr.com/webapp/wcs/stores/servlet/booklookServlet?bookstore_id-1=584&term_id-1=2026 Fall&crn-1=91508","This course has common exams.<br />See https://www5.njit.edu/registrar/exams/ for details."
"202690","CHEM125","GENERAL CHEMISTRY I","029","91509","TR","10:00 AM - 11:20 AM","KUPF 206","Open","6","3","DeSantis, Christopher","Face-to-Face","3","https://www.bkstr.com/webapp/wcs/stores/servlet/booklookServlet?bookstore_id-1=584&term_id-1=2026 Fall&crn-1=91509","This course has common exams.<br />See https://www5.njit.edu/registrar/exams/ for details."
"202690","CHEM125","GENERAL CHEMISTRY I","031","91510","MR","10:00 AM - 11:20 AM","KUPF 202","Open","6","3","Kikhwa, Miryam","Face-to-Face","3","https://www.bkstr.com/webapp/wcs/stores/servlet/booklookServlet?bookstore_id-1=584&term_id-1=2026 Fall&crn-1=91510","This course has common exams.<br />See https://www5.njit.edu/registrar/exams/ for details."
"202690","CHEM125","GENERAL CHEMISTRY I","033","91511","F","10:00 AM - 11:20 AM","FMH 306","Open","6","3","Agarwal, Seema","Face-to-Face","3","https://www.bkstr.com/webapp/wcs/stores/servlet/booklookServlet?bookstore_id-1=584&term_id-1=2026 Fall&crn-1=91511","This course has common exams.<br />See https://www5.njit.edu/registrar/exams/ for details."
"202690","CHEM125","GENERAL CHEMISTRY I","033","91511","T","10:00 AM - 11:20 AM","KUPF 210","Open","6","3","Agarwal, Seema","Face-to-Face","3","https://www.bkstr.com/webapp/wcs/stores/servlet/booklookServlet?bookstore_id-1=584&term_id-1=2026 Fall&crn-1=91511","This course has common exams.<br />See https://www5.njit.edu/registrar/exams/ for details."
"202690","CHEM125","GENERAL CHEMISTRY I","035","91512","T","10:00 AM - 11:20 AM","KUPF 210","Open","6","3","Agarwal, Seema","Face-to-Face","3","https://www.bkstr.com/webapp/wcs/stores/servlet/booklookServlet?bookstore_id-1=584&term_id-1=2026 Fall&crn-1=91512","This course has common exams.<br />See https://www5.njit.edu/registrar/exams/ for details."
"202690","CHEM125","GENERAL CHEMISTRY I","035","91512","W","11:30 AM - 12:50 PM","KUPF 204","Open","6","3","Agarwal, Seema","Face-to-Face","3","https://www.bkstr.com/webapp/wcs/stores/servlet/booklookServlet?bookstore_id-1=584&term_id-1=2026 Fall&crn-1=91512","This course has common exams.<br />See https://www5.njit.edu/registrar/exams/ for details."
"202690","CHEM125","GENERAL CHEMISTRY I","037","91513","MR","2:30 PM - 3:50 PM","FMH 306","Open","6","4","Kikhwa, Miryam","Face-to-Face","3","https://www.bkstr.com/webapp/wcs/stores/servlet/booklookServlet?bookstore_id-1=584&term_id-1=2026 Fall&crn-1=91513","This course has common exams.<br />See https://www5.njit.edu/registrar/exams/ for details."
"202690","CHEM125","GENERAL CHEMISTRY I","039","91514","TF","2:30 PM - 3:50 PM","KUPF 107","Open","6","3","Agarwal, Seema","Face-to-Face","3","https://www.bkstr.com/webapp/wcs/stores/servlet/booklookServlet?bookstore_id-1=584&term_id-1=2026 Fall&crn-1=91514","This course has common exams.<br />See https://www5.njit.edu/registrar/exams/ for details."
"202690","CHEM125","GENERAL CHEMISTRY I","041","91515","MW","8:30 AM - 9:50 AM","FMH 213","Open","6","2","Kikhwa, Miryam","Face-to-Face","3","https://www.bkstr.com/webapp/wcs/stores/servlet/booklookServlet?bookstore_id-1=584&term_id-1=2026 Fall&crn-1=91515","This course has common exams.<br />See https://www5.njit.edu/registrar/exams/ for details."
"202690","CHEM125","GENERAL CHEMISTRY I","101","91516","M","6:00 PM - 8:50 PM","KUPF 203","Open","6","3","Lee, Sean","Face-to-Face","3","https://www.bkstr.com/webapp/wcs/stores/servlet/booklookServlet?bookstore_id-1=584&term_id-1=2026 Fall&crn-1=91516","This course has common exams.<br />See https://www5.njit.edu/registrar/exams/ for details."
"202690","CHEM125","GENERAL CHEMISTRY I","103","91517","T","6:00 PM - 8:50 PM","FMH 213","Open","6","4","Lee, Sean","Face-to-Face","3","https://www.bkstr.com/webapp/wcs/stores/servlet/booklookServlet?bookstore_id-1=584&term_id-1=2026 Fall&crn-1=91517","This course has common exams.<br />See https://www5.njit.edu/registrar/exams/ for details."
"202690","CHEM125","GENERAL CHEMISTRY I - HONORS","H01","91518","M","8:30 AM - 9:50 AM","TIER 114","Closed","0","0","Koh, Kevin","Face-to-Face","3","https://www.bkstr.com/webapp/wcs/stores/servlet/booklookServlet?bookstore_id-1=584&term_id-1=2026 Fall&crn-1=91518","Honors Course<br />This course has common exams.<br />See https://www.njit.edu/registrar/exams/ for details."
"202690","CHEM125","GENERAL CHEMISTRY I - HONORS","H01","91518","W","11:30 AM - 12:50 PM","FMH 408","Closed","0","0","Koh, Kevin","Face-to-Face","3","https://www.bkstr.com/webapp/wcs/stores/servlet/booklookServlet?bookstore_id-1=584&term_id-1=2026 Fall&crn-1=91518","Honors Course<br />This course has common exams.<br />See https://www.njit.edu/registrar/exams/ for details."
"202690","CHEM125","GENERAL CHEMISTRY I - HONORS","H03","91519","R","2:30 PM - 3:50 PM","TIER 114","Closed","0","3","Koh, Kevin","Face-to-Face","3","https://www.bkstr.com/webapp/wcs/stores/servlet/booklookServlet?bookstore_id-1=584&term_id-1=2026 Fall&crn-1=91519","Honors Course<br />This course has common exams.<br />See https://www.njit.edu/registrar/exams/ for details."
"202690","CHEM125","GENERAL CHEMISTRY I - HONORS","H03","91519","W","11:30 AM - 12:50 PM","FMH 408","Closed","0","3","Koh, Kevin","Face-to-Face","3","https://www.bkstr.com/webapp/wcs/stores/servlet/booklookServlet?bookstore_id-1=584&term_id-1=2026 Fall&crn-1=91519","Honors Course<br />This course has common exams.<br />See https://www.njit.edu/registrar/exams/ for details."
"202690","CHEM125A","GENERAL CHEMISTRY  LAB I","001","91520","W","11:30 AM - 2:20 PM","TIER 204","Closed","0","0","","Face-to-Face","1","https://www.bkstr.com/webapp/wcs/stores/servlet/booklookServlet?bookstore_id-1=584&term_id-1=2026 Fall&crn-1=91520",""
"202690","CHEM125A","GENERAL CHEMISTRY  LAB I","003","91521","R","2:30 PM - 5:20 PM","TIER 208","Closed","0","0","","Face-to-Face","1","https://www.bkstr.com/webapp/wcs/stores/servlet/booklookServlet?bookstore_id-1=584&term_id-1=2026 Fall&crn-1=91521",""
"202690","CHEM125A","GENERAL CHEMISTRY  LAB I","005","91522","T","11:30 AM - 2:20 PM","TIER 208","Closed","0","0","","Face-to-Face","1","https://www.bkstr.com/webapp/wcs/stores/servlet/booklookServlet?bookstore_id-1=584&term_id-1=2026 Fall&crn-1=91522",""
"202690","CHEM125A","GENERAL CHEMISTRY  LAB I","007","91523","R","8:30 AM - 11:20 AM","TIER 204","Closed","0","0","","Face-to-Face","1","https://www.bkstr.com/webapp/wcs/stores/servlet/booklookServlet?bookstore_id-1=584&term_id-1=2026 Fall&crn-1=91523",""
"202690","CHEM125A","GENERAL CHEMISTRY  LAB I","009","91524","F","1:00 PM - 3:50 PM","TIER 204","Closed","0","0","","Face-to-Face","1","https://www.bkstr.com/webapp/wcs/stores/servlet/booklookServlet?bookstore_id-1=584&term_id-1=2026 Fall&crn-1=91524",""
"202690","CHEM125A","GENERAL CHEMISTRY  LAB I","011","91525","M","11:30 AM - 2:20 PM","TIER 204","Closed","0","0","","Face-to-Face","1","https://www.bkstr.com/webapp/wcs/stores/servlet/booklookServlet?bookstore_id-1=584&term_id-1=2026 Fall&crn-1=91525",""
"202690","CHEM125A","GENERAL CHEMISTRY  LAB I","013","91526","R","11:30 AM - 2:20 PM","TIER 204","Closed","0","0","","Face-to-Face","1","https://www.bkstr.com/webapp/wcs/stores/servlet/booklookServlet?bookstore_id-1=584&term_id-1=2026 Fall&crn-1=91526",""
"202690","CHEM125A","GENERAL CHEMISTRY  LAB I","015","91527","M","8:30 AM - 11:20 AM","TIER 204","Closed","0","0","","Face-to-Face","1","https://www.bkstr.com/webapp/wcs/stores/servlet/booklookServlet?bookstore_id-1=584&term_id-1=2026 Fall&crn-1=91527",""
"202690","CHEM125A","GENERAL CHEMISTRY  LAB I","017","91528","F","8:30 AM - 11:20 AM","TIER 204","Closed","0","0","","Face-to-Face","1","https://www.bkstr.com/webapp/wcs/stores/servlet/booklookServlet?bookstore_id-1=584&term_id-1=2026 Fall&crn-1=91528",""
"202690","CHEM125A","GENERAL CHEMISTRY  LAB I","019","91529","R","2:30 PM - 5:20 PM","TIER 204","Closed","0","0","","Face-to-Face","1","https://www.bkstr.com/webapp/wcs/stores/servlet/booklookServlet?bookstore_id-1=584&term_id-1=2026 Fall&crn-1=91529",""
"202690","CHEM125A","GENERAL CHEMISTRY  LAB I","021","91530","W","8:30 AM - 11:20 AM","TIER 204","Closed","0","0","","Face-to-Face","1","https://www.bkstr.com/webapp/wcs/stores/servlet/booklookServlet?bookstore_id-1=584&term_id-1=2026 Fall&crn-1=91530",""
"202690","CHEM125A","GENERAL CHEMISTRY  LAB I","023","91531","T","8:30 AM - 11:20 AM","TIER 204","Closed","0","0","","Face-to-Face","1","https://www.bkstr.com/webapp/wcs/stores/servlet/booklookServlet?bookstore_id-1=584&term_id-1=2026 Fall&crn-1=91531",""
"202690","CHEM125A","GENERAL CHEMISTRY  LAB I","025","91532","T","11:30 AM - 2:20 PM","TIER 204","Closed","0","0","","Face-to-Face","1","https://www.bkstr.com/webapp/wcs/stores/servlet/booklookServlet?bookstore_id-1=584&term_id-1=2026 Fall&crn-1=91532",""
"202690","CHEM125A","GENERAL CHEMISTRY  LAB I","027","91533","R","8:30 AM - 11:20 AM","TIER 208","Closed","0","0","","Face-to-Face","1","https://www.bkstr.com/webapp/wcs/stores/servlet/booklookServlet?bookstore_id-1=584&term_id-1=2026 Fall&crn-1=91533",""
"202690","CHEM125A","GENERAL CHEMISTRY  LAB I","029","91534","M","8:30 AM - 11:20 AM","TIER 208","Closed","0","0","","Face-to-Face","1","https://www.bkstr.com/webapp/wcs/stores/servlet/booklookServlet?bookstore_id-1=584&term_id-1=2026 Fall&crn-1=91534",""
"202690","CHEM125A","GENERAL CHEMISTRY  LAB I","031","91535","M","11:30 AM - 2:20 PM","TIER 208","Closed","0","0","","Face-to-Face","1","https://www.bkstr.com/webapp/wcs/stores/servlet/booklookServlet?bookstore_id-1=584&term_id-1=2026 Fall&crn-1=91535",""
"202690","CHEM125A","GENERAL CHEMISTRY  LAB I","033","91536","F","8:30 AM - 11:20 AM","TIER 208","Closed","0","0","","Face-to-Face","1","https://www.bkstr.com/webapp/wcs/stores/servlet/booklookServlet?bookstore_id-1=584&term_id-1=2026 Fall&crn-1=91536",""
"202690","CHEM125A","GENERAL CHEMISTRY  LAB I","035","91537","T","8:30 AM - 11:20 AM","TIER 208","Closed","0","0","","Face-to-Face","1","https://www.bkstr.com/webapp/wcs/stores/servlet/booklookServlet?bookstore_id-1=584&term_id-1=2026 Fall&crn-1=91537",""
"202690","CHEM125A","GENERAL CHEMISTRY  LAB I","037","91538","T","2:30 PM - 5:20 PM","TIER 204","Closed","0","0","","Face-to-Face","1","https://www.bkstr.com/webapp/wcs/stores/servlet/booklookServlet?bookstore_id-1=584&term_id-1=2026 Fall&crn-1=91538",""
"202690","CHEM125A","GENERAL CHEMISTRY  LAB I","039","96366","W","8:30 AM - 11:20 AM","TIER 208","Closed","0","0","","Face-to-Face","1","https://www.bkstr.com/webapp/wcs/stores/servlet/booklookServlet?bookstore_id-1=584&term_id-1=2026 Fall&crn-1=96366",""
"202690","CHEM125A","GENERAL CHEMISTRY  LAB I","041","96367","W","11:30 AM - 2:20 PM","TIER 208","Closed","0","0","","Face-to-Face","1","https://www.bkstr.com/webapp/wcs/stores/servlet/booklookServlet?bookstore_id-1=584&term_id-1=2026 Fall&crn-1=96367",""
"202690","CHEM125A","GENERAL CHEMISTRY  LAB I","101","91539","M","6:00 PM - 8:50 PM","TIER 204","Closed","0","0","","Face-to-Face","1","https://www.bkstr.com/webapp/wcs/stores/servlet/booklookServlet?bookstore_id-1=584&term_id-1=2026 Fall&crn-1=91539",""
"202690","CHEM125A","GENERAL CHEMISTRY  LAB I","103","91540","R","6:00 PM - 8:50 PM","TIER 204","Closed","0","0","","Face-to-Face","1","https://www.bkstr.com/webapp/wcs/stores/servlet/booklookServlet?bookstore_id-1=584&term_id-1=2026 Fall&crn-1=91540",""
"202690","CHEM125A","GENERAL CHEMISTRY  LAB I","105","91541","W","6:00 PM - 8:50 PM","TIER 204","Closed","0","0","","Face-to-Face","1","https://www.bkstr.com/webapp/wcs/stores/servlet/booklookServlet?bookstore_id-1=584&term_id-1=2026 Fall&crn-1=91541",""
"202690","CHEM125A","GENERAL CHEMISTRY  LAB I","107","91542","F","6:00 PM - 8:50 PM","TIER 204","Closed","0","20","","Face-to-Face","1","https://www.bkstr.com/webapp/wcs/stores/servlet/booklookServlet?bookstore_id-1=584&term_id-1=2026 Fall&crn-1=91542",""
"202690","CHEM125A","GENERAL CHEMISTRY  LAB I","109","91543","T","6:00 PM - 8:50 PM","TIER 204","Closed","0","0","","Face-to-Face","1","https://www.bkstr.com/webapp/wcs/stores/servlet/booklookServlet?bookstore_id-1=584&term_id-1=2026 Fall&crn-1=91543",""
"202690","CHEM126","GEN CHEMISTRY II","001","91544","F","10:00 AM - 11:20 AM","FMH 213","Open","33","14","","Face-to-Face","3","https://www.bkstr.com/webapp/wcs/stores/servlet/booklookServlet?bookstore_id-1=584&term_id-1=2026 Fall&crn-1=91544","This course has common exams.<br />See https://www5.njit.edu/registrar/exams/ for details."
"202690","CHEM126","GEN CHEMISTRY II","001","91544","W","8:30 AM - 9:50 AM","CKB 303","Open","33","14","","Face-to-Face","3","https://www.bkstr.com/webapp/wcs/stores/servlet/booklookServlet?bookstore_id-1=584&term_id-1=2026 Fall&crn-1=91544","This course has common exams.<br />See https://www5.njit.edu/registrar/exams/ for details."
"202690","CHEM126","GEN CHEMISTRY II","003","91545","M","11:30 AM - 12:50 PM","FMH 306","Open","33","21","","Face-to-Face","3","https://www.bkstr.com/webapp/wcs/stores/servlet/booklookServlet?bookstore_id-1=584&term_id-1=2026 Fall&crn-1=91545","This course has common exams.<br />See https://www5.njit.edu/registrar/exams/ for details."
"202690","CHEM126","GEN CHEMISTRY II","003","91545","W","8:30 AM - 9:50 AM","CKB 303","Open","33","21","","Face-to-Face","3","https://www.bkstr.com/webapp/wcs/stores/servlet/booklookServlet?bookstore_id-1=584&term_id-1=2026 Fall&crn-1=91545","This course has common exams.<br />See https://www5.njit.edu/registrar/exams/ for details."
"202690","CHEM126","GEN CHEMISTRY II","005","91546","TR","11:30 AM - 12:50 PM","FMH 306","Closed","33","33","Ananthanarayanan, Bharath","Face-to-Face","3","https://www.bkstr.com/webapp/wcs/stores/servlet/booklookServlet?bookstore_id-1=584&term_id-1=2026 Fall&crn-1=91546","This course has common exams.<br />See https://www5.njit.edu/registrar/exams/ for details."
"202690","CHEM126","GEN CHEMISTRY II","007","91547","MW","8:30 AM - 9:50 AM","FMH 306","Open","33","11","","Face-to-Face","3","https://www.bkstr.com/webapp/wcs/stores/servlet/booklookServlet?bookstore_id-1=584&term_id-1=2026 Fall&crn-1=91547","This course has common exams.<br />See https://www5.njit.edu/registrar/exams/ for details."
"202690","CHEM126","GEN CHEMISTRY II","009","91548","TF","2:30 PM - 3:50 PM","FMH 213","Open","33","24","","Face-to-Face","3","https://www.bkstr.com/webapp/wcs/stores/servlet/booklookServlet?bookstore_id-1=584&term_id-1=2026 Fall&crn-1=91548","This course has common exams.<br />See https://www5.njit.edu/registrar/exams/ for details."
"202690","CHEM126","GEN CHEMISTRY II","011","91549","TF","1:00 PM - 2:20 PM","FMH 213","Open","33","26","Ananthanarayanan, Bharath","Face-to-Face","3","https://www.bkstr.com/webapp/wcs/stores/servlet/booklookServlet?bookstore_id-1=584&term_id-1=2026 Fall&crn-1=91549","This course has common exams.<br />See https://www5.njit.edu/registrar/exams/ for details."
"202690","CHEM126","GEN CHEMISTRY II","101","91550","W","6:00 PM - 8:50 PM","FMH 213","Open","38","10","Morales Navas, Camila","Face-to-Face","3","https://www.bkstr.com/webapp/wcs/stores/servlet/booklookServlet?bookstore_id-1=584&term_id-1=2026 Fall&crn-1=91550","This course has common exams.<br />See https://www5.njit.edu/registrar/exams/ for details."
"202690","CHEM126A","GEN CHEMISTRY LAB II","001","91551","T","2:30 PM - 5:20 PM","TIER 208","Open","20","8","","Face-to-Face","1","https://www.bkstr.com/webapp/wcs/stores/servlet/booklookServlet?bookstore_id-1=584&term_id-1=2026 Fall&crn-1=91551",""
"202690","CHEM126A","GEN CHEMISTRY LAB II","003","91552","R","11:30 AM - 2:20 PM","TIER 208","Open","20","16","","Face-to-Face","1","https://www.bkstr.com/webapp/wcs/stores/servlet/booklookServlet?bookstore_id-1=584&term_id-1=2026 Fall&crn-1=91552",""
"202690","CHEM126A","GEN CHEMISTRY LAB II","005","91553","F","1:00 PM - 3:50 PM","TIER 208","Open","20","8","","Face-to-Face","1","https://www.bkstr.com/webapp/wcs/stores/servlet/booklookServlet?bookstore_id-1=584&term_id-1=2026 Fall&crn-1=91553",""
"202690","CHEM126A","GEN CHEMISTRY LAB II","101","91554","W","6:00 PM - 8:50 PM","TIER 208","Open","25","1","","Face-to-Face","1","https://www.bkstr.com/webapp/wcs/stores/servlet/booklookServlet?bookstore_id-1=584&term_id-1=2026 Fall&crn-1=91554",""
"202690","CHEM221","ANALYTICAL CHEM METHODS","001","91555","R","1:45 PM - 5:20 PM","TIER 207","Open","20","10","","Face-to-Face","2","https://www.bkstr.com/webapp/wcs/stores/servlet/booklookServlet?bookstore_id-1=584&term_id-1=2026 Fall&crn-1=91555",""
"202690","CHEM221","ANALYTICAL CHEM METHODS","101","91556","W","6:00 PM - 10:05 PM","TIER 207","Open","20","18","","Face-to-Face","2","https://www.bkstr.com/webapp/wcs/stores/servlet/booklookServlet?bookstore_id-1=584&term_id-1=2026 Fall&crn-1=91556",""
"202690","CHEM222","ANALYTICAL CHEMISTRY","001","91557","TR","8:30 AM - 9:50 AM","FMH 306","Open","43","41","Edens, Gregory","Face-to-Face","3","https://www.bkstr.com/webapp/wcs/stores/servlet/booklookServlet?bookstore_id-1=584&term_id-1=2026 Fall&crn-1=91557",""
"202690","CHEM236","PHYSICAL CHEM FOR CHEM ENGRS","001","91559","M","10:00 AM - 12:05 PM","FMH 404","Open","30","7","Peels, Mieke","Face-to-Face","4","https://www.bkstr.com/webapp/wcs/stores/servlet/booklookServlet?bookstore_id-1=584&term_id-1=2026 Fall&crn-1=91559",""
"202690","CHEM236","PHYSICAL CHEM FOR CHEM ENGRS","001","91559","R","11:30 AM - 12:50 PM","KUPF 202","Open","30","7","Peels, Mieke","Face-to-Face","4","https://www.bkstr.com/webapp/wcs/stores/servlet/booklookServlet?bookstore_id-1=584&term_id-1=2026 Fall&crn-1=91559",""
"202690","CHEM236","PHYSICAL CHEM FOR CHEM ENGRS","001","91559","W","10:00 AM - 12:05 PM","KUPF 202","Open","30","7","Peels, Mieke","Face-to-Face","4","https://www.bkstr.com/webapp/wcs/stores/servlet/booklookServlet?bookstore_id-1=584&term_id-1=2026 Fall&crn-1=91559",""
"202690","CHEM243","ORGANIC CHEMISTRY I","001","91560","TF","8:30 AM - 9:50 AM","KUPF 211","Closed","30","30","Koh, Kevin","Face-to-Face","3","https://www.bkstr.com/webapp/wcs/stores/servlet/booklookServlet?bookstore_id-1=584&term_id-1=2026 Fall&crn-1=91560",""
"202690","CHEM243","ORGANIC CHEMISTRY I","003","91561","MW","8:30 AM - 9:50 AM","CKB 120","Closed","30","30","Gund, Tamara","Face-to-Face","3","https://www.bkstr.com/webapp/wcs/stores/servlet/booklookServlet?bookstore_id-1=584&term_id-1=2026 Fall&crn-1=91561",""
"202690","CHEM243","ORGANIC CHEMISTRY I","101","91562","F","6:00 PM - 8:50 PM","CULM LECT 1","Closed","60","60","Zhang, Yuanwei","Face-to-Face","3","https://www.bkstr.com/webapp/wcs/stores/servlet/booklookServlet?bookstore_id-1=584&term_id-1=2026 Fall&crn-1=91562",""
"202690","CHEM243","ORGANIC CHEMISTRY I - HONORS","H01","91564","R","4:00 PM - 5:20 PM","FMH 110","Closed","28","28","DeSantis, Christopher","Face-to-Face","3","https://www.bkstr.com/webapp/wcs/stores/servlet/booklookServlet?bookstore_id-1=584&term_id-1=2026 Fall&crn-1=91564","Honors Course"
"202690","CHEM243","ORGANIC CHEMISTRY I - HONORS","H01","91564","T","4:00 PM - 5:20 PM","FMH 213","Closed","28","28","DeSantis, Christopher","Face-to-Face","3","https://www.bkstr.com/webapp/wcs/stores/servlet/booklookServlet?bookstore_id-1=584&term_id-1=2026 Fall&crn-1=91564","Honors Course"
"202690","CHEM244","ORGANIC CHEMISTRY II","001","91565","MR","2:30 PM - 3:50 PM","KUPF 117","Open","43","31","Gund, Tamara","Face-to-Face","3","https://www.bkstr.com/webapp/wcs/stores/servlet/booklookServlet?bookstore_id-1=584&term_id-1=2026 Fall&crn-1=91565",""
"202690","CHEM244","ORGANIC CHEMISTRY II","101","91566","M","6:00 PM - 8:50 PM","KUPF 208","Open","43","21","Gund, Tamara","Face-to-Face","3","https://www.bkstr.com/webapp/wcs/stores/servlet/booklookServlet?bookstore_id-1=584&term_id-1=2026 Fall&crn-1=91566",""
"202690","CHEM244","ORGANIC CHEMISTRY II","103","91567","R","6:00 PM - 8:50 PM"," ","Cancelled","43","0","","Face-to-Face","3","https://www.bkstr.com/webapp/wcs/stores/servlet/booklookServlet?bookstore_id-1=584&term_id-1=2026 Fall&crn-1=91567","Cancelled (06/09/26)"
"202690","CHEM244A","ORGANIC CHEMISTRY I LAB","001","91568","T","10:00 AM - 2:20 PM","TIER 207","Closed","20","20","","Face-to-Face","2","https://www.bkstr.com/webapp/wcs/stores/servlet/booklookServlet?bookstore_id-1=584&term_id-1=2026 Fall&crn-1=91568",""
"202690","CHEM244A","ORGANIC CHEMISTRY I LAB","003","91569","F","1:00 PM - 5:20 PM","TIER 207","Closed","20","20","Hussain, Chaudhery","Face-to-Face","2","https://www.bkstr.com/webapp/wcs/stores/servlet/booklookServlet?bookstore_id-1=584&term_id-1=2026 Fall&crn-1=91569",""
"202690","CHEM244A","ORGANIC CHEMISTRY I LAB","101","91570","R","6:00 PM - 10:05 PM","TIER 207","Closed","20","20","","Face-to-Face","2","https://www.bkstr.com/webapp/wcs/stores/servlet/booklookServlet?bookstore_id-1=584&term_id-1=2026 Fall&crn-1=91570",""
"202690","CHEM244A","ORGANIC CHEMISTRY I LAB","103","91571","F","6:00 PM - 10:05 PM","TIER 207","Open","20","12","Lu, Chunmeng","Face-to-Face","2","https://www.bkstr.com/webapp/wcs/stores/servlet/booklookServlet?bookstore_id-1=584&term_id-1=2026 Fall&crn-1=91571",""
"202690","CHEM301","CHEMICAL TECHNOLOGY","101","91572","R","6:00 PM - 7:55 PM","TIER 114","Open","20","14","","Face-to-Face","3","https://www.bkstr.com/webapp/wcs/stores/servlet/booklookServlet?bookstore_id-1=584&term_id-1=2026 Fall&crn-1=91572",""
"202690","CHEM301","CHEMICAL TECHNOLOGY","101","91572","R","8:05 PM - 10:00 PM","TIER 208","Open","20","14","","Face-to-Face","3","https://www.bkstr.com/webapp/wcs/stores/servlet/booklookServlet?bookstore_id-1=584&term_id-1=2026 Fall&crn-1=91572",""
"202690","CHEM301","CHEMICAL TECHNOLOGY","103","91573","T","6:00 PM - 7:55 PM","GITC 2315A","Open","20","12","","Face-to-Face","3","https://www.bkstr.com/webapp/wcs/stores/servlet/booklookServlet?bookstore_id-1=584&term_id-1=2026 Fall&crn-1=91573",""
"202690","CHEM301","CHEMICAL TECHNOLOGY","103","91573","T","8:05 PM - 10:00 PM","TIER 208","Open","20","12","","Face-to-Face","3","https://www.bkstr.com/webapp/wcs/stores/servlet/booklookServlet?bookstore_id-1=584&term_id-1=2026 Fall&crn-1=91573",""
"202690","CHEM331","PHYSICAL CHEMISTRY I","001","96899","F","4:00 PM - 5:00 PM","FMH 306","Open","43","28","Peels, Mieke","Face-to-Face","3","https://www.bkstr.com/webapp/wcs/stores/servlet/booklookServlet?bookstore_id-1=584&term_id-1=2026 Fall&crn-1=96899",""
"202690","CHEM331","PHYSICAL CHEMISTRY I","001","96899","TF","2:30 PM - 3:50 PM","FMH 306","Open","43","28","Peels, Mieke","Face-to-Face","3","https://www.bkstr.com/webapp/wcs/stores/servlet/booklookServlet?bookstore_id-1=584&term_id-1=2026 Fall&crn-1=96899",""
"202690","CHEM339","PHYSICAL CHEMISTRY LAB","001","91574","W","8:30 AM - 12:50 PM","TIER 207","Open","20","16","","Face-to-Face","2","https://www.bkstr.com/webapp/wcs/stores/servlet/booklookServlet?bookstore_id-1=584&term_id-1=2026 Fall&crn-1=91574",""
"202690","CHEM339","PHYSICAL CHEMISTRY LAB","101","91575","M","6:00 PM - 10:05 PM","TIER 208","Open","20","11","","Face-to-Face","2","https://www.bkstr.com/webapp/wcs/stores/servlet/booklookServlet?bookstore_id-1=584&term_id-1=2026 Fall&crn-1=91575",""
"202690","CHEM339","PHYSICAL CHEMISTRY LAB","103","91576","F","6:00 PM - 10:05 PM","TIER 208","Open","20","2","","Face-to-Face","2","https://www.bkstr.com/webapp/wcs/stores/servlet/booklookServlet?bookstore_id-1=584&term_id-1=2026 Fall&crn-1=91576",""
"202690","CHEM340","CHEMISTRY OF MATERIALS","001","91577","MW","11:30 AM - 12:50 PM","TIER 105","Open","25","22","Eberhart, Michael","Face-to-Face","3","https://www.bkstr.com/webapp/wcs/stores/servlet/booklookServlet?bookstore_id-1=584&term_id-1=2026 Fall&crn-1=91577",""
"202690","CHEM360","ENVIRONMENTAL CHEMISTRY I","001","91578","MW","8:30 AM - 9:50 AM","ME 224","Open","43","13","Khalizov, Alexei","Face-to-Face","3","https://www.bkstr.com/webapp/wcs/stores/servlet/booklookServlet?bookstore_id-1=584&term_id-1=2026 Fall&crn-1=91578",""
"202690","CHEM391","RESEARCH AND INDEPENDENT STUDY","131","91579","","TBA"," ","Open","19","0","Sadik, Wunmi","Face-to-Face","3","https://www.bkstr.com/webapp/wcs/stores/servlet/booklookServlet?bookstore_id-1=584&term_id-1=2026 Fall&crn-1=91579","See department for permission to enroll."
"202690","CHEM391","RESEARCH AND INDEPENDENT STUDY","132","91580","","TBA"," ","Open","19","0","Chen, Hao","Face-to-Face","3","https://www.bkstr.com/webapp/wcs/stores/servlet/booklookServlet?bookstore_id-1=584&term_id-1=2026 Fall&crn-1=91580","See department for permission to enroll."
"202690","CHEM391","RESEARCH AND INDEPENDENT STUDY","135","91581","","TBA"," ","Open","19","0","Champagne, Pier Alexandre","Face-to-Face","3","https://www.bkstr.com/webapp/wcs/stores/servlet/booklookServlet?bookstore_id-1=584&term_id-1=2026 Fall&crn-1=91581","See department for permission to enroll."
"202690","CHEM391","RESEARCH AND INDEPENDENT STUDY","136","91582","","TBA"," ","Open","19","0","Gund, Tamara","Face-to-Face","3","https://www.bkstr.com/webapp/wcs/stores/servlet/booklookServlet?bookstore_id-1=584&term_id-1=2026 Fall&crn-1=91582","See department for permission to enroll."
"202690","CHEM391","RESEARCH AND INDEPENDENT STUDY","137","91583","","TBA"," ","Open","19","0","Eberhart, Michael","Face-to-Face","3","https://www.bkstr.com/webapp/wcs/stores/servlet/booklookServlet?bookstore_id-1=584&term_id-1=2026 Fall&crn-1=91583","See department for permission to enroll."
"202690","CHEM391","RESEARCH AND INDEPENDENT STUDY","138","91584","","TBA"," ","Open","19","0","Shakib, Farnaz","Face-to-Face","3","https://www.bkstr.com/webapp/wcs/stores/servlet/booklookServlet?bookstore_id-1=584&term_id-1=2026 Fall&crn-1=91584","See department for permission to enroll."
"202690","CHEM391","RESEARCH AND INDEPENDENT STUDY","141","91585","","TBA"," ","Open","19","0","Casado Zapico, Sai","Face-to-Face","3","https://www.bkstr.com/webapp/wcs/stores/servlet/booklookServlet?bookstore_id-1=584&term_id-1=2026 Fall&crn-1=91585","See department for permission to enroll."
"202690","CHEM391","RESEARCH AND INDEPENDENT STUDY","142","91586","","TBA"," ","Open","19","0","Belfield, Kevin","Face-to-Face","3","https://www.bkstr.com/webapp/wcs/stores/servlet/booklookServlet?bookstore_id-1=584&term_id-1=2026 Fall&crn-1=91586","See department for permission to enroll."
"202690","CHEM391","RESEARCH AND INDEPENDENT STUDY","143","91587","","TBA"," ","Open","19","0","Li, Mengyan","Face-to-Face","3","https://www.bkstr.com/webapp/wcs/stores/servlet/booklookServlet?bookstore_id-1=584&term_id-1=2026 Fall&crn-1=91587","See department for permission to enroll."
"202690","CHEM391","RESEARCH AND INDEPENDENT STUDY","144","91588","","TBA"," ","Open","19","0","Zhang, Lijie","Face-to-Face","3","https://www.bkstr.com/webapp/wcs/stores/servlet/booklookServlet?bookstore_id-1=584&term_id-1=2026 Fall&crn-1=91588","See department for permission to enroll."
"202690","CHEM391","RESEARCH AND INDEPENDENT STUDY","148","91589","","TBA"," ","Open","19","0","Mitra, Somenath","Face-to-Face","3","https://www.bkstr.com/webapp/wcs/stores/servlet/booklookServlet?bookstore_id-1=584&term_id-1=2026 Fall&crn-1=91589","See department for permission to enroll."
"202690","CHEM391","RESEARCH AND INDEPENDENT STUDY","151","91590","","TBA"," ","Open","19","0","Warner, Genoa","Face-to-Face","3","https://www.bkstr.com/webapp/wcs/stores/servlet/booklookServlet?bookstore_id-1=584&term_id-1=2026 Fall&crn-1=91590","See department for permission to enroll."
"202690","CHEM391","RESEARCH AND INDEPENDENT STUDY","152","91591","","TBA"," ","Open","19","0","Zhang, Yuanwei","Face-to-Face","3","https://www.bkstr.com/webapp/wcs/stores/servlet/booklookServlet?bookstore_id-1=584&term_id-1=2026 Fall&crn-1=91591","See department for permission to enroll."
"202690","CHEM391","RESEARCH AND INDEPENDENT STUDY","156","91592","","TBA"," ","Open","19","0","Farinas, Edgardo","Face-to-Face","3","https://www.bkstr.com/webapp/wcs/stores/servlet/booklookServlet?bookstore_id-1=584&term_id-1=2026 Fall&crn-1=91592","See department for permission to enroll."
"202690","CHEM391","RESEARCH AND INDEPENDENT STUDY","158","91593","","TBA"," ","Open","19","0","Khalizov, Alexei","Face-to-Face","3","https://www.bkstr.com/webapp/wcs/stores/servlet/booklookServlet?bookstore_id-1=584&term_id-1=2026 Fall&crn-1=91593","See department for permission to enroll."
"202690","CHEM391","RESEARCH AND INDEPENDENT STUDY","161","91594","","TBA"," ","Open","19","0","Del Castillo, Trevor","Face-to-Face","3","https://www.bkstr.com/webapp/wcs/stores/servlet/booklookServlet?bookstore_id-1=584&term_id-1=2026 Fall&crn-1=91594","See department for permission to enroll."
"202690","CHEM391","RESEARCH AND INDEPENDENT STUDY","843","91595","","TBA"," ","Open","19","0","Qiu, Zeyuan","Face-to-Face","3","https://www.bkstr.com/webapp/wcs/stores/servlet/booklookServlet?bookstore_id-1=584&term_id-1=2026 Fall&crn-1=91595","See department for permission to enroll."
"202690","CHEM436","QUANTUM CHEMISTRY","101","91596","R","6:00 PM - 8:50 PM","FMH 314","Open","20","8","Shakib, Farnaz","Face-to-Face","3","https://www.bkstr.com/webapp/wcs/stores/servlet/booklookServlet?bookstore_id-1=584&term_id-1=2026 Fall&crn-1=91596",""
"202690","CHEM451","CHEMICAL ECOLOGY","001","96913","TR","11:30 AM - 12:50 PM","WEST LECT 2","Open","25","7","Jimenez Aleman, Guillermo","Face-to-Face","3","https://www.bkstr.com/webapp/wcs/stores/servlet/booklookServlet?bookstore_id-1=584&term_id-1=2026 Fall&crn-1=96913",""
"202690","CHEM473","BIOCHEMISTRY","001","91597","TR","4:00 PM - 5:20 PM","CKB 204","Closed","75","75","Balasubramanian, Bhavani","Face-to-Face","3","https://www.bkstr.com/webapp/wcs/stores/servlet/booklookServlet?bookstore_id-1=584&term_id-1=2026 Fall&crn-1=91597",""
"202690","CHEM475","BIOCHEMISTRY LAB I","001","96843","M","8:30 AM - 12:50 PM","TIER 209","Open","24","12","Farinas, Edgardo","Face-to-Face","2","https://www.bkstr.com/webapp/wcs/stores/servlet/booklookServlet?bookstore_id-1=584&term_id-1=2026 Fall&crn-1=96843",""
"202690","CHEM475","BIOCHEMISTRY LAB I","101","91598","M","6:00 PM - 10:05 PM","TIER 209","Closed","24","24","Farinas, Edgardo","Face-to-Face","2","https://www.bkstr.com/webapp/wcs/stores/servlet/booklookServlet?bookstore_id-1=584&term_id-1=2026 Fall&crn-1=91598",""
"202690","CHEM480","INSTRUMENTAL ANALYSIS","101","91599","W","6:00 PM - 10:05 PM","TIER 205","Open","15","12","","Face-to-Face","2","https://www.bkstr.com/webapp/wcs/stores/servlet/booklookServlet?bookstore_id-1=584&term_id-1=2026 Fall&crn-1=91599",""
"202690","CHEM490","ST: CHEMICAL ECOLOGY","001","91600","TR","11:30 AM - 12:50 PM"," ","Cancelled","25","0","","Face-to-Face","3","https://www.bkstr.com/webapp/wcs/stores/servlet/booklookServlet?bookstore_id-1=584&term_id-1=2026 Fall&crn-1=91600","Cancelled 05/12/2026<br />See CHEM 451 001"
"202690","CHEM491","RESEARCH & INDEP STUDY I","131","91601","","TBA"," ","Open","19","0","Sadik, Wunmi","Face-to-Face","3","https://www.bkstr.com/webapp/wcs/stores/servlet/booklookServlet?bookstore_id-1=584&term_id-1=2026 Fall&crn-1=91601","See department for permission to enroll."
"202690","CHEM491","RESEARCH & INDEP STUDY I","132","91602","","TBA"," ","Open","19","1","Chen, Hao","Face-to-Face","3","https://www.bkstr.com/webapp/wcs/stores/servlet/booklookServlet?bookstore_id-1=584&term_id-1=2026 Fall&crn-1=91602","See department for permission to enroll."
"202690","CHEM491","RESEARCH & INDEP STUDY I","135","91603","","TBA"," ","Open","19","2","Champagne, Pier Alexandre","Face-to-Face","3","https://www.bkstr.com/webapp/wcs/stores/servlet/booklookServlet?bookstore_id-1=584&term_id-1=2026 Fall&crn-1=91603","See department for permission to enroll."
"202690","CHEM491","RESEARCH & INDEP STUDY I","136","91604","","TBA"," ","Open","19","0","Gund, Tamara","Face-to-Face","3","https://www.bkstr.com/webapp/wcs/stores/servlet/booklookServlet?bookstore_id-1=584&term_id-1=2026 Fall&crn-1=91604","See department for permission to enroll."
"202690","CHEM491","RESEARCH & INDEP STUDY I","137","91605","","TBA"," ","Open","19","0","Eberhart, Michael","Face-to-Face","3","https://www.bkstr.com/webapp/wcs/stores/servlet/booklookServlet?bookstore_id-1=584&term_id-1=2026 Fall&crn-1=91605","See department for permission to enroll."
"202690","CHEM491","RESEARCH & INDEP STUDY I","138","91606","","TBA"," ","Open","19","0","Shakib, Farnaz","Face-to-Face","3","https://www.bkstr.com/webapp/wcs/stores/servlet/booklookServlet?bookstore_id-1=584&term_id-1=2026 Fall&crn-1=91606","See department for permission to enroll."
"202690","CHEM491","RESEARCH & INDEP STUDY I","141","91607","","TBA"," ","Open","19","0","Casado Zapico, Sai","Face-to-Face","3","https://www.bkstr.com/webapp/wcs/stores/servlet/booklookServlet?bookstore_id-1=584&term_id-1=2026 Fall&crn-1=91607","See department for permission to enroll."
"202690","CHEM491","RESEARCH & INDEP STUDY I","142","91608","","TBA"," ","Open","19","0","Belfield, Kevin","Face-to-Face","3","https://www.bkstr.com/webapp/wcs/stores/servlet/booklookServlet?bookstore_id-1=584&term_id-1=2026 Fall&crn-1=91608","See department for permission to enroll."
"202690","CHEM491","RESEARCH & INDEP STUDY I","143","91609","","TBA"," ","Open","19","0","Li, Mengyan","Face-to-Face","3","https://www.bkstr.com/webapp/wcs/stores/servlet/booklookServlet?bookstore_id-1=584&term_id-1=2026 Fall&crn-1=91609","See department for permission to enroll."
"202690","CHEM491","RESEARCH & INDEP STUDY I","144","91610","","TBA"," ","Open","19","0","Zhang, Lijie","Face-to-Face","3","https://www.bkstr.com/webapp/wcs/stores/servlet/booklookServlet?bookstore_id-1=584&term_id-1=2026 Fall&crn-1=91610","See department for permission to enroll."
"202690","CHEM491","RESEARCH & INDEP STUDY I","148","91611","","TBA"," ","Open","19","0","Mitra, Somenath","Face-to-Face","3","https://www.bkstr.com/webapp/wcs/stores/servlet/booklookServlet?bookstore_id-1=584&term_id-1=2026 Fall&crn-1=91611","See department for permission to enroll."
"202690","CHEM491","RESEARCH & INDEP STUDY I","151","91612","","TBA"," ","Open","19","2","Warner, Genoa","Face-to-Face","3","https://www.bkstr.com/webapp/wcs/stores/servlet/booklookServlet?bookstore_id-1=584&term_id-1=2026 Fall&crn-1=91612","See department for permission to enroll."
"202690","CHEM491","RESEARCH & INDEP STUDY I","152","91613","","TBA"," ","Open","19","0","Zhang, Yuanwei","Face-to-Face","3","https://www.bkstr.com/webapp/wcs/stores/servlet/booklookServlet?bookstore_id-1=584&term_id-1=2026 Fall&crn-1=91613","See department for permission to enroll."
"202690","CHEM491","RESEARCH & INDEP STUDY I","156","91614","","TBA"," ","Open","19","0","Farinas, Edgardo","Face-to-Face","3","https://www.bkstr.com/webapp/wcs/stores/servlet/booklookServlet?bookstore_id-1=584&term_id-1=2026 Fall&crn-1=91614","See department for permission to enroll."
"202690","CHEM491","RESEARCH & INDEP STUDY I","158","91615","","TBA"," ","Open","19","0","Khalizov, Alexei","Face-to-Face","3","https://www.bkstr.com/webapp/wcs/stores/servlet/booklookServlet?bookstore_id-1=584&term_id-1=2026 Fall&crn-1=91615","See department for permission to enroll."
"202690","CHEM491","RESEARCH & INDEP STUDY I","161","91616","","TBA"," ","Open","19","0","Del Castillo, Trevor","Face-to-Face","3","https://www.bkstr.com/webapp/wcs/stores/servlet/booklookServlet?bookstore_id-1=584&term_id-1=2026 Fall&crn-1=91616","See department for permission to enroll."
"202690","CHEM491","RESEARCH & INDEP STUDY I","843","91617","","TBA"," ","Open","19","0","Qiu, Zeyuan","Face-to-Face","3","https://www.bkstr.com/webapp/wcs/stores/servlet/booklookServlet?bookstore_id-1=584&term_id-1=2026 Fall&crn-1=91617","See department for permission to enroll."
"202690","CHEM492","RESEARCH & INDEP STUDY","131","91618","","TBA"," ","Open","19","0","Sadik, Wunmi","Face-to-Face","3","https://www.bkstr.com/webapp/wcs/stores/servlet/booklookServlet?bookstore_id-1=584&term_id-1=2026 Fall&crn-1=91618","See department for permission to enroll."
"202690","CHEM492","RESEARCH & INDEP STUDY","132","91619","","TBA"," ","Open","19","0","Chen, Hao","Face-to-Face","3","https://www.bkstr.com/webapp/wcs/stores/servlet/booklookServlet?bookstore_id-1=584&term_id-1=2026 Fall&crn-1=91619","See department for permission to enroll."
"202690","CHEM492","RESEARCH & INDEP STUDY","135","91620","","TBA"," ","Open","19","0","Champagne, Pier Alexandre","Face-to-Face","3","https://www.bkstr.com/webapp/wcs/stores/servlet/booklookServlet?bookstore_id-1=584&term_id-1=2026 Fall&crn-1=91620","See department for permission to enroll."
"202690","CHEM492","RESEARCH & INDEP STUDY","136","91621","","TBA"," ","Open","19","0","Gund, Tamara","Face-to-Face","3","https://www.bkstr.com/webapp/wcs/stores/servlet/booklookServlet?bookstore_id-1=584&term_id-1=2026 Fall&crn-1=91621","See department for permission to enroll."
"202690","CHEM492","RESEARCH & INDEP STUDY","137","91622","","TBA"," ","Open","19","1","Eberhart, Michael","Face-to-Face","3","https://www.bkstr.com/webapp/wcs/stores/servlet/booklookServlet?bookstore_id-1=584&term_id-1=2026 Fall&crn-1=91622","See department for permission to enroll."
"202690","CHEM492","RESEARCH & INDEP STUDY","138","91623","","TBA"," ","Open","19","0","Shakib, Farnaz","Face-to-Face","3","https://www.bkstr.com/webapp/wcs/stores/servlet/booklookServlet?bookstore_id-1=584&term_id-1=2026 Fall&crn-1=91623","See department for permission to enroll."
"202690","CHEM492","RESEARCH & INDEP STUDY","141","91624","","TBA"," ","Open","19","0","Casado Zapico, Sai","Face-to-Face","3","https://www.bkstr.com/webapp/wcs/stores/servlet/booklookServlet?bookstore_id-1=584&term_id-1=2026 Fall&crn-1=91624","See department for permission to enroll."
"202690","CHEM492","RESEARCH & INDEP STUDY","142","91625","","TBA"," ","Open","19","0","Belfield, Kevin","Face-to-Face","3","https://www.bkstr.com/webapp/wcs/stores/servlet/booklookServlet?bookstore_id-1=584&term_id-1=2026 Fall&crn-1=91625","See department for permission to enroll."
"202690","CHEM492","RESEARCH & INDEP STUDY","143","91626","","TBA"," ","Open","19","0","Li, Mengyan","Face-to-Face","3","https://www.bkstr.com/webapp/wcs/stores/servlet/booklookServlet?bookstore_id-1=584&term_id-1=2026 Fall&crn-1=91626","See department for permission to enroll."
"202690","CHEM492","RESEARCH & INDEP STUDY","144","91627","","TBA"," ","Open","19","0","Zhang, Lijie","Face-to-Face","3","https://www.bkstr.com/webapp/wcs/stores/servlet/booklookServlet?bookstore_id-1=584&term_id-1=2026 Fall&crn-1=91627","See department for permission to enroll."
"202690","CHEM492","RESEARCH & INDEP STUDY","148","91628","","TBA"," ","Open","19","0","Mitra, Somenath","Face-to-Face","3","https://www.bkstr.com/webapp/wcs/stores/servlet/booklookServlet?bookstore_id-1=584&term_id-1=2026 Fall&crn-1=91628","See department for permission to enroll."
"202690","CHEM492","RESEARCH & INDEP STUDY","151","91629","","TBA"," ","Open","19","0","Warner, Genoa","Face-to-Face","3","https://www.bkstr.com/webapp/wcs/stores/servlet/booklookServlet?bookstore_id-1=584&term_id-1=2026 Fall&crn-1=91629","See department for permission to enroll."
"202690","CHEM492","RESEARCH & INDEP STUDY","152","91630","","TBA"," ","Open","19","2","Zhang, Yuanwei","Face-to-Face","3","https://www.bkstr.com/webapp/wcs/stores/servlet/booklookServlet?bookstore_id-1=584&term_id-1=2026 Fall&crn-1=91630","See department for permission to enroll."
"202690","CHEM492","RESEARCH & INDEP STUDY","156","91631","","TBA"," ","Open","19","0","Farinas, Edgardo","Face-to-Face","3","https://www.bkstr.com/webapp/wcs/stores/servlet/booklookServlet?bookstore_id-1=584&term_id-1=2026 Fall&crn-1=91631","See department for permission to enroll."
"202690","CHEM492","RESEARCH & INDEP STUDY","158","91632","","TBA"," ","Open","19","0","Khalizov, Alexei","Face-to-Face","3","https://www.bkstr.com/webapp/wcs/stores/servlet/booklookServlet?bookstore_id-1=584&term_id-1=2026 Fall&crn-1=91632","See department for permission to enroll."
"202690","CHEM492","RESEARCH & INDEP STUDY","843","91633","","TBA"," ","Open","19","0","Qiu, Zeyuan","Face-to-Face","3","https://www.bkstr.com/webapp/wcs/stores/servlet/booklookServlet?bookstore_id-1=584&term_id-1=2026 Fall&crn-1=91633","See department for permission to enroll."
"202690","CHEM590","GRADUATE CO-OP WORK EXPER I","131","91634","","TBA"," ","Open","19","0","Sadik, Wunmi","Face-to-Face","1","https://www.bkstr.com/webapp/wcs/stores/servlet/booklookServlet?bookstore_id-1=584&term_id-1=2026 Fall&crn-1=91634","See department for permission to enroll."
"202690","CHEM590","GRADUATE CO-OP WORK EXPER I","132","91635","","TBA"," ","Open","19","0","Chen, Hao","Face-to-Face","1","https://www.bkstr.com/webapp/wcs/stores/servlet/booklookServlet?bookstore_id-1=584&term_id-1=2026 Fall&crn-1=91635","See department for permission to enroll."
"202690","CHEM590","GRADUATE CO-OP WORK EXPER I","135","91636","","TBA"," ","Open","19","0","Champagne, Pier Alexandre","Face-to-Face","1","https://www.bkstr.com/webapp/wcs/stores/servlet/booklookServlet?bookstore_id-1=584&term_id-1=2026 Fall&crn-1=91636","See department for permission to enroll."
"202690","CHEM590","GRADUATE CO-OP WORK EXPER I","136","91637","","TBA"," ","Open","19","0","Gund, Tamara","Face-to-Face","1","https://www.bkstr.com/webapp/wcs/stores/servlet/booklookServlet?bookstore_id-1=584&term_id-1=2026 Fall&crn-1=91637","See department for permission to enroll."
"202690","CHEM590","GRADUATE CO-OP WORK EXPER I","137","91638","","TBA"," ","Open","19","0","Eberhart, Michael","Face-to-Face","1","https://www.bkstr.com/webapp/wcs/stores/servlet/booklookServlet?bookstore_id-1=584&term_id-1=2026 Fall&crn-1=91638","See department for permission to enroll."
"202690","CHEM590","GRADUATE CO-OP WORK EXPER I","138","91639","","TBA"," ","Open","19","0","Shakib, Farnaz","Face-to-Face","1","https://www.bkstr.com/webapp/wcs/stores/servlet/booklookServlet?bookstore_id-1=584&term_id-1=2026 Fall&crn-1=91639","See department for permission to enroll."
"202690","CHEM590","GRADUATE CO-OP WORK EXPER I","141","91640","","TBA"," ","Open","19","0","Casado Zapico, Sai","Face-to-Face","1","https://www.bkstr.com/webapp/wcs/stores/servlet/booklookServlet?bookstore_id-1=584&term_id-1=2026 Fall&crn-1=91640","See department for permission to enroll."
"202690","CHEM590","GRADUATE CO-OP WORK EXPER I","142","91641","","TBA"," ","Open","19","0","Belfield, Kevin","Face-to-Face","1","https://www.bkstr.com/webapp/wcs/stores/servlet/booklookServlet?bookstore_id-1=584&term_id-1=2026 Fall&crn-1=91641","See department for permission to enroll."
"202690","CHEM590","GRADUATE CO-OP WORK EXPER I","143","91642","","TBA"," ","Open","19","0","Li, Mengyan","Face-to-Face","1","https://www.bkstr.com/webapp/wcs/stores/servlet/booklookServlet?bookstore_id-1=584&term_id-1=2026 Fall&crn-1=91642","See department for permission to enroll."
"202690","CHEM590","GRADUATE CO-OP WORK EXPER I","144","91643","","TBA"," ","Open","19","0","Zhang, Lijie","Face-to-Face","1","https://www.bkstr.com/webapp/wcs/stores/servlet/booklookServlet?bookstore_id-1=584&term_id-1=2026 Fall&crn-1=91643","See department for permission to enroll."
"202690","CHEM590","GRADUATE CO-OP WORK EXPER I","148","91644","","TBA"," ","Open","19","0","Mitra, Somenath","Face-to-Face","1","https://www.bkstr.com/webapp/wcs/stores/servlet/booklookServlet?bookstore_id-1=584&term_id-1=2026 Fall&crn-1=91644","See department for permission to enroll."
"202690","CHEM590","GRADUATE CO-OP WORK EXPER I","151","91645","","TBA"," ","Open","19","0","Warner, Genoa","Face-to-Face","1","https://www.bkstr.com/webapp/wcs/stores/servlet/booklookServlet?bookstore_id-1=584&term_id-1=2026 Fall&crn-1=91645","See department for permission to enroll."
"202690","CHEM590","GRADUATE CO-OP WORK EXPER I","152","91646","","TBA"," ","Open","19","0","Zhang, Yuanwei","Face-to-Face","1","https://www.bkstr.com/webapp/wcs/stores/servlet/booklookServlet?bookstore_id-1=584&term_id-1=2026 Fall&crn-1=91646","See department for permission to enroll."
"202690","CHEM590","GRADUATE CO-OP WORK EXPER I","156","91647","","TBA"," ","Open","19","0","Farinas, Edgardo","Face-to-Face","1","https://www.bkstr.com/webapp/wcs/stores/servlet/booklookServlet?bookstore_id-1=584&term_id-1=2026 Fall&crn-1=91647","See department for permission to enroll."
"202690","CHEM590","GRADUATE CO-OP WORK EXPER I","158","91648","","TBA"," ","Open","19","0","Khalizov, Alexei","Face-to-Face","1","https://www.bkstr.com/webapp/wcs/stores/servlet/booklookServlet?bookstore_id-1=584&term_id-1=2026 Fall&crn-1=91648","See department for permission to enroll."
"202690","CHEM590","GRADUATE CO-OP WORK EXPER I","161","91649","","TBA"," ","Open","19","0","","Face-to-Face","1","https://www.bkstr.com/webapp/wcs/stores/servlet/booklookServlet?bookstore_id-1=584&term_id-1=2026 Fall&crn-1=91649","See department for permission to enroll."
"202690","CHEM590","GRADUATE CO-OP WORK EXPER I","843","91650","","TBA"," ","Open","19","0","Qiu, Zeyuan","Face-to-Face","1","https://www.bkstr.com/webapp/wcs/stores/servlet/booklookServlet?bookstore_id-1=584&term_id-1=2026 Fall&crn-1=91650","See department for permission to enroll."
"202690","CHEM591","GRADUATE CO-OP WORK EXPER II","131","91651","","TBA"," ","Open","19","0","Sadik, Wunmi","Face-to-Face","1","https://www.bkstr.com/webapp/wcs/stores/servlet/booklookServlet?bookstore_id-1=584&term_id-1=2026 Fall&crn-1=91651","See department for permission to enroll."
"202690","CHEM591","GRADUATE CO-OP WORK EXPER II","132","91652","","TBA"," ","Open","19","0","Chen, Hao","Face-to-Face","1","https://www.bkstr.com/webapp/wcs/stores/servlet/booklookServlet?bookstore_id-1=584&term_id-1=2026 Fall&crn-1=91652","See department for permission to enroll."
"202690","CHEM591","GRADUATE CO-OP WORK EXPER II","135","91653","","TBA"," ","Open","19","0","Champagne, Pier Alexandre","Face-to-Face","1","https://www.bkstr.com/webapp/wcs/stores/servlet/booklookServlet?bookstore_id-1=584&term_id-1=2026 Fall&crn-1=91653","See department for permission to enroll."
"202690","CHEM591","GRADUATE CO-OP WORK EXPER II","136","91654","","TBA"," ","Open","19","0","Gund, Tamara","Face-to-Face","1","https://www.bkstr.com/webapp/wcs/stores/servlet/booklookServlet?bookstore_id-1=584&term_id-1=2026 Fall&crn-1=91654","See department for permission to enroll."
"202690","CHEM591","GRADUATE CO-OP WORK EXPER II","137","91655","","TBA"," ","Open","19","0","Eberhart, Michael","Face-to-Face","1","https://www.bkstr.com/webapp/wcs/stores/servlet/booklookServlet?bookstore_id-1=584&term_id-1=2026 Fall&crn-1=91655","See department for permission to enroll."
"202690","CHEM591","GRADUATE CO-OP WORK EXPER II","138","91656","","TBA"," ","Open","19","0","Shakib, Farnaz","Face-to-Face","1","https://www.bkstr.com/webapp/wcs/stores/servlet/booklookServlet?bookstore_id-1=584&term_id-1=2026 Fall&crn-1=91656","See department for permission to enroll."
"202690","CHEM591","GRADUATE CO-OP WORK EXPER II","141","91657","","TBA"," ","Open","19","0","Casado Zapico, Sai","Face-to-Face","1","https://www.bkstr.com/webapp/wcs/stores/servlet/booklookServlet?bookstore_id-1=584&term_id-1=2026 Fall&crn-1=91657","See department for permission to enroll."
"202690","CHEM591","GRADUATE CO-OP WORK EXPER II","142","91658","","TBA"," ","Open","19","0","Belfield, Kevin","Face-to-Face","1","https://www.bkstr.com/webapp/wcs/stores/servlet/booklookServlet?bookstore_id-1=584&term_id-1=2026 Fall&crn-1=91658","See department for permission to enroll."
"202690","CHEM591","GRADUATE CO-OP WORK EXPER II","143","91659","","TBA"," ","Open","19","0","Li, Mengyan","Face-to-Face","1","https://www.bkstr.com/webapp/wcs/stores/servlet/booklookServlet?bookstore_id-1=584&term_id-1=2026 Fall&crn-1=91659","See department for permission to enroll."
"202690","CHEM591","GRADUATE CO-OP WORK EXPER II","144","91660","","TBA"," ","Open","19","0","Zhang, Lijie","Face-to-Face","1","https://www.bkstr.com/webapp/wcs/stores/servlet/booklookServlet?bookstore_id-1=584&term_id-1=2026 Fall&crn-1=91660","See department for permission to enroll."
"202690","CHEM591","GRADUATE CO-OP WORK EXPER II","148","91661","","TBA"," ","Open","19","0","Mitra, Somenath","Face-to-Face","1","https://www.bkstr.com/webapp/wcs/stores/servlet/booklookServlet?bookstore_id-1=584&term_id-1=2026 Fall&crn-1=91661","See department for permission to enroll."
"202690","CHEM591","GRADUATE CO-OP WORK EXPER II","151","91662","","TBA"," ","Open","19","0","Warner, Genoa","Face-to-Face","1","https://www.bkstr.com/webapp/wcs/stores/servlet/booklookServlet?bookstore_id-1=584&term_id-1=2026 Fall&crn-1=91662","See department for permission to enroll."
"202690","CHEM591","GRADUATE CO-OP WORK EXPER II","152","91663","","TBA"," ","Open","19","0","Zhang, Yuanwei","Face-to-Face","1","https://www.bkstr.com/webapp/wcs/stores/servlet/booklookServlet?bookstore_id-1=584&term_id-1=2026 Fall&crn-1=91663","See department for permission to enroll."
"202690","CHEM591","GRADUATE CO-OP WORK EXPER II","156","91664","","TBA"," ","Open","19","0","Farinas, Edgardo","Face-to-Face","1","https://www.bkstr.com/webapp/wcs/stores/servlet/booklookServlet?bookstore_id-1=584&term_id-1=2026 Fall&crn-1=91664","See department for permission to enroll."
"202690","CHEM591","GRADUATE CO-OP WORK EXPER II","158","91665","","TBA"," ","Open","19","0","Khalizov, Alexei","Face-to-Face","1","https://www.bkstr.com/webapp/wcs/stores/servlet/booklookServlet?bookstore_id-1=584&term_id-1=2026 Fall&crn-1=91665","See department for permission to enroll."
"202690","CHEM591","GRADUATE CO-OP WORK EXPER II","161","91666","","TBA"," ","Open","19","0","","Face-to-Face","1","https://www.bkstr.com/webapp/wcs/stores/servlet/booklookServlet?bookstore_id-1=584&term_id-1=2026 Fall&crn-1=91666","See department for permission to enroll."
"202690","CHEM591","GRADUATE CO-OP WORK EXPER II","843","91667","","TBA"," ","Open","19","0","Qiu, Zeyuan","Face-to-Face","1","https://www.bkstr.com/webapp/wcs/stores/servlet/booklookServlet?bookstore_id-1=584&term_id-1=2026 Fall&crn-1=91667","See department for permission to enroll."
"202690","CHEM595","PRACT IN CELL & GENE THER SCI","163","91668","","TBA"," ","Open","19","0","Previs, Stephen","Face-to-Face","3","https://www.bkstr.com/webapp/wcs/stores/servlet/booklookServlet?bookstore_id-1=584&term_id-1=2026 Fall&crn-1=91668","See department for permission to enroll."
"202690","CHEM605","ADV ORGANIC CHEM:STRUCTR","101","91669","R","6:00 PM - 8:50 PM","FMH 409","Open","35","10","Del Castillo, Trevor","Converged Learning","3","https://www.bkstr.com/webapp/wcs/stores/servlet/booklookServlet?bookstore_id-1=584&term_id-1=2026 Fall&crn-1=91669","Converged Learning Course<br />https://www.njit.edu/registrar/instructionaldelivery"
"202690","CHEM661","INSTRUMENTATION ANALYSIS LAB","101","91670","F","6:00 PM - 7:55 PM","TIER 114","Open","20","10","","Face-to-Face","3","https://www.bkstr.com/webapp/wcs/stores/servlet/booklookServlet?bookstore_id-1=584&term_id-1=2026 Fall&crn-1=91670",""
"202690","CHEM661","INSTRUMENTATION ANALYSIS LAB","101","91670","F","8:10 PM - 9:30 PM","TIER 205","Open","20","10","","Face-to-Face","3","https://www.bkstr.com/webapp/wcs/stores/servlet/booklookServlet?bookstore_id-1=584&term_id-1=2026 Fall&crn-1=91670",""
"202690","CHEM680","CHEMISTRY AND SUSTAINABILITY","101","91671","M","6:00 PM - 8:50 PM","CKB 214","Open","25","4","Silverman, Keith","Face-to-Face","3","https://www.bkstr.com/webapp/wcs/stores/servlet/booklookServlet?bookstore_id-1=584&term_id-1=2026 Fall&crn-1=91671",""
"202690","CHEM700B","MASTERS PROJECT","131","91672","","TBA"," ","Open","19","0","Sadik, Wunmi","Face-to-Face","3","https://www.bkstr.com/webapp/wcs/stores/servlet/booklookServlet?bookstore_id-1=584&term_id-1=2026 Fall&crn-1=91672","See department for permission to enroll."
"202690","CHEM700B","MASTERS PROJECT","132","91673","","TBA"," ","Open","19","0","Chen, Hao","Face-to-Face","3","https://www.bkstr.com/webapp/wcs/stores/servlet/booklookServlet?bookstore_id-1=584&term_id-1=2026 Fall&crn-1=91673","See department for permission to enroll."
"202690","CHEM700B","MASTERS PROJECT","135","91674","","TBA"," ","Open","19","0","Champagne, Pier Alexandre","Face-to-Face","3","https://www.bkstr.com/webapp/wcs/stores/servlet/booklookServlet?bookstore_id-1=584&term_id-1=2026 Fall&crn-1=91674","See department for permission to enroll."
"202690","CHEM700B","MASTERS PROJECT","136","91675","","TBA"," ","Open","19","0","Gund, Tamara","Face-to-Face","3","https://www.bkstr.com/webapp/wcs/stores/servlet/booklookServlet?bookstore_id-1=584&term_id-1=2026 Fall&crn-1=91675","See department for permission to enroll."
"202690","CHEM700B","MASTERS PROJECT","137","91676","","TBA"," ","Open","19","0","Eberhart, Michael","Face-to-Face","3","https://www.bkstr.com/webapp/wcs/stores/servlet/booklookServlet?bookstore_id-1=584&term_id-1=2026 Fall&crn-1=91676","See department for permission to enroll."
"202690","CHEM700B","MASTERS PROJECT","138","91677","","TBA"," ","Open","19","0","Shakib, Farnaz","Face-to-Face","3","https://www.bkstr.com/webapp/wcs/stores/servlet/booklookServlet?bookstore_id-1=584&term_id-1=2026 Fall&crn-1=91677","See department for permission to enroll."
"202690","CHEM700B","MASTERS PROJECT","141","91678","","TBA"," ","Open","19","1","Casado Zapico, Sai","Face-to-Face","3","https://www.bkstr.com/webapp/wcs/stores/servlet/booklookServlet?bookstore_id-1=584&term_id-1=2026 Fall&crn-1=91678","See department for permission to enroll."
"202690","CHEM700B","MASTERS PROJECT","142","91679","","TBA"," ","Open","19","0","Belfield, Kevin","Face-to-Face","3","https://www.bkstr.com/webapp/wcs/stores/servlet/booklookServlet?bookstore_id-1=584&term_id-1=2026 Fall&crn-1=91679","See department for permission to enroll."
"202690","CHEM700B","MASTERS PROJECT","143","91680","","TBA"," ","Open","19","0","Li, Mengyan","Face-to-Face","3","https://www.bkstr.com/webapp/wcs/stores/servlet/booklookServlet?bookstore_id-1=584&term_id-1=2026 Fall&crn-1=91680","See department for permission to enroll."
"202690","CHEM700B","MASTERS PROJECT","144","91681","","TBA"," ","Open","19","0","Zhang, Lijie","Face-to-Face","3","https://www.bkstr.com/webapp/wcs/stores/servlet/booklookServlet?bookstore_id-1=584&term_id-1=2026 Fall&crn-1=91681","See department for permission to enroll."
"202690","CHEM700B","MASTERS PROJECT","148","91682","","TBA"," ","Open","19","0","Mitra, Somenath","Face-to-Face","3","https://www.bkstr.com/webapp/wcs/stores/servlet/booklookServlet?bookstore_id-1=584&term_id-1=2026 Fall&crn-1=91682","See department for permission to enroll."
"202690","CHEM700B","MASTERS PROJECT","151","91683","","TBA"," ","Open","19","0","Warner, Genoa","Face-to-Face","3","https://www.bkstr.com/webapp/wcs/stores/servlet/booklookServlet?bookstore_id-1=584&term_id-1=2026 Fall&crn-1=91683","See department for permission to enroll."
"202690","CHEM700B","MASTERS PROJECT","152","91684","","TBA"," ","Open","19","0","Zhang, Yuanwei","Face-to-Face","3","https://www.bkstr.com/webapp/wcs/stores/servlet/booklookServlet?bookstore_id-1=584&term_id-1=2026 Fall&crn-1=91684","See department for permission to enroll."
"202690","CHEM700B","MASTERS PROJECT","156","91685","","TBA"," ","Open","19","0","Farinas, Edgardo","Face-to-Face","3","https://www.bkstr.com/webapp/wcs/stores/servlet/booklookServlet?bookstore_id-1=584&term_id-1=2026 Fall&crn-1=91685","See department for permission to enroll."
"202690","CHEM700B","MASTERS PROJECT","158","91686","","TBA"," ","Open","19","0","Khalizov, Alexei","Face-to-Face","3","https://www.bkstr.com/webapp/wcs/stores/servlet/booklookServlet?bookstore_id-1=584&term_id-1=2026 Fall&crn-1=91686","See department for permission to enroll."
"202690","CHEM700B","MASTERS PROJECT","161","91687","","TBA"," ","Open","19","0","","Face-to-Face","3","https://www.bkstr.com/webapp/wcs/stores/servlet/booklookServlet?bookstore_id-1=584&term_id-1=2026 Fall&crn-1=91687","See department for permission to enroll."
"202690","CHEM700B","MASTERS PROJECT","843","91688","","TBA"," ","Open","19","0","Qiu, Zeyuan","Face-to-Face","3","https://www.bkstr.com/webapp/wcs/stores/servlet/booklookServlet?bookstore_id-1=584&term_id-1=2026 Fall&crn-1=91688","See department for permission to enroll."
"202690","CHEM701B","MASTERS THESIS","131","91689","","TBA"," ","Open","19","0","Sadik, Wunmi","Face-to-Face","3","https://www.bkstr.com/webapp/wcs/stores/servlet/booklookServlet?bookstore_id-1=584&term_id-1=2026 Fall&crn-1=91689","See department for permission to enroll."
"202690","CHEM701B","MASTERS THESIS","132","91690","","TBA"," ","Open","19","0","Chen, Hao","Face-to-Face","3","https://www.bkstr.com/webapp/wcs/stores/servlet/booklookServlet?bookstore_id-1=584&term_id-1=2026 Fall&crn-1=91690","See department for permission to enroll."
"202690","CHEM701B","MASTERS THESIS","135","91691","","TBA"," ","Open","19","0","Champagne, Pier Alexandre","Face-to-Face","3","https://www.bkstr.com/webapp/wcs/stores/servlet/booklookServlet?bookstore_id-1=584&term_id-1=2026 Fall&crn-1=91691","See department for permission to enroll."
"202690","CHEM701B","MASTERS THESIS","136","91692","","TBA"," ","Open","19","0","Gund, Tamara","Face-to-Face","3","https://www.bkstr.com/webapp/wcs/stores/servlet/booklookServlet?bookstore_id-1=584&term_id-1=2026 Fall&crn-1=91692","See department for permission to enroll."
"202690","CHEM701B","MASTERS THESIS","137","91693","","TBA"," ","Open","19","0","Eberhart, Michael","Face-to-Face","3","https://www.bkstr.com/webapp/wcs/stores/servlet/booklookServlet?bookstore_id-1=584&term_id-1=2026 Fall&crn-1=91693","See department for permission to enroll."
"202690","CHEM701B","MASTERS THESIS","138","91694","","TBA"," ","Open","19","0","Shakib, Farnaz","Face-to-Face","3","https://www.bkstr.com/webapp/wcs/stores/servlet/booklookServlet?bookstore_id-1=584&term_id-1=2026 Fall&crn-1=91694","See department for permission to enroll."
"202690","CHEM701B","MASTERS THESIS","141","91695","","TBA"," ","Open","19","0","Casado Zapico, Sai","Face-to-Face","3","https://www.bkstr.com/webapp/wcs/stores/servlet/booklookServlet?bookstore_id-1=584&term_id-1=2026 Fall&crn-1=91695","See department for permission to enroll."
"202690","CHEM701B","MASTERS THESIS","142","91696","","TBA"," ","Open","19","0","Belfield, Kevin","Face-to-Face","3","https://www.bkstr.com/webapp/wcs/stores/servlet/booklookServlet?bookstore_id-1=584&term_id-1=2026 Fall&crn-1=91696","See department for permission to enroll."
"202690","CHEM701B","MASTERS THESIS","143","91697","","TBA"," ","Open","19","0","Li, Mengyan","Face-to-Face","3","https://www.bkstr.com/webapp/wcs/stores/servlet/booklookServlet?bookstore_id-1=584&term_id-1=2026 Fall&crn-1=91697","See department for permission to enroll."
"202690","CHEM701B","MASTERS THESIS","144","91698","","TBA"," ","Open","19","0","Zhang, Lijie","Face-to-Face","3","https://www.bkstr.com/webapp/wcs/stores/servlet/booklookServlet?bookstore_id-1=584&term_id-1=2026 Fall&crn-1=91698","See department for permission to enroll."
"202690","CHEM701B","MASTERS THESIS","148","91699","","TBA"," ","Open","19","0","Mitra, Somenath","Face-to-Face","3","https://www.bkstr.com/webapp/wcs/stores/servlet/booklookServlet?bookstore_id-1=584&term_id-1=2026 Fall&crn-1=91699","See department for permission to enroll."
"202690","CHEM701B","MASTERS THESIS","151","91700","","TBA"," ","Open","19","0","Warner, Genoa","Face-to-Face","3","https://www.bkstr.com/webapp/wcs/stores/servlet/booklookServlet?bookstore_id-1=584&term_id-1=2026 Fall&crn-1=91700","See department for permission to enroll."
"202690","CHEM701B","MASTERS THESIS","152","91701","","TBA"," ","Open","19","0","Zhang, Yuanwei","Face-to-Face","3","https://www.bkstr.com/webapp/wcs/stores/servlet/booklookServlet?bookstore_id-1=584&term_id-1=2026 Fall&crn-1=91701","See department for permission to enroll."
"202690","CHEM701B","MASTERS THESIS","156","91702","","TBA"," ","Open","19","0","Farinas, Edgardo","Face-to-Face","3","https://www.bkstr.com/webapp/wcs/stores/servlet/booklookServlet?bookstore_id-1=584&term_id-1=2026 Fall&crn-1=91702","See department for permission to enroll."
"202690","CHEM701B","MASTERS THESIS","158","91703","","TBA"," ","Open","19","0","Khalizov, Alexei","Face-to-Face","3","https://www.bkstr.com/webapp/wcs/stores/servlet/booklookServlet?bookstore_id-1=584&term_id-1=2026 Fall&crn-1=91703","See department for permission to enroll."
"202690","CHEM701B","MASTERS THESIS","161","91704","","TBA"," ","Open","19","0","","Face-to-Face","3","https://www.bkstr.com/webapp/wcs/stores/servlet/booklookServlet?bookstore_id-1=584&term_id-1=2026 Fall&crn-1=91704","See department for permission to enroll."
"202690","CHEM701B","MASTERS THESIS","843","91705","","TBA"," ","Open","19","0","Qiu, Zeyuan","Face-to-Face","3","https://www.bkstr.com/webapp/wcs/stores/servlet/booklookServlet?bookstore_id-1=584&term_id-1=2026 Fall&crn-1=91705","See department for permission to enroll."
"202690","CHEM701C","MASTERS THESIS","131","91706","","TBA"," ","Open","19","0","Sadik, Wunmi","Face-to-Face","6","https://www.bkstr.com/webapp/wcs/stores/servlet/booklookServlet?bookstore_id-1=584&term_id-1=2026 Fall&crn-1=91706","See department for permission to enroll."
"202690","CHEM701C","MASTERS THESIS","132","91707","","TBA"," ","Open","19","0","Chen, Hao","Face-to-Face","6","https://www.bkstr.com/webapp/wcs/stores/servlet/booklookServlet?bookstore_id-1=584&term_id-1=2026 Fall&crn-1=91707","See department for permission to enroll."
"202690","CHEM701C","MASTERS THESIS","135","91708","","TBA"," ","Open","19","0","Champagne, Pier Alexandre","Face-to-Face","6","https://www.bkstr.com/webapp/wcs/stores/servlet/booklookServlet?bookstore_id-1=584&term_id-1=2026 Fall&crn-1=91708","See department for permission to enroll."
"202690","CHEM701C","MASTERS THESIS","136","91709","","TBA"," ","Open","19","0","Gund, Tamara","Face-to-Face","6","https://www.bkstr.com/webapp/wcs/stores/servlet/booklookServlet?bookstore_id-1=584&term_id-1=2026 Fall&crn-1=91709","See department for permission to enroll."
"202690","CHEM701C","MASTERS THESIS","137","91710","","TBA"," ","Open","19","0","Eberhart, Michael","Face-to-Face","6","https://www.bkstr.com/webapp/wcs/stores/servlet/booklookServlet?bookstore_id-1=584&term_id-1=2026 Fall&crn-1=91710","See department for permission to enroll."
"202690","CHEM701C","MASTERS THESIS","138","91711","","TBA"," ","Open","19","0","Shakib, Farnaz","Face-to-Face","6","https://www.bkstr.com/webapp/wcs/stores/servlet/booklookServlet?bookstore_id-1=584&term_id-1=2026 Fall&crn-1=91711","See department for permission to enroll."
"202690","CHEM701C","MASTERS THESIS","141","91712","","TBA"," ","Open","19","0","Casado Zapico, Sai","Face-to-Face","6","https://www.bkstr.com/webapp/wcs/stores/servlet/booklookServlet?bookstore_id-1=584&term_id-1=2026 Fall&crn-1=91712","See department for permission to enroll."
"202690","CHEM701C","MASTERS THESIS","142","91713","","TBA"," ","Open","19","0","Belfield, Kevin","Face-to-Face","6","https://www.bkstr.com/webapp/wcs/stores/servlet/booklookServlet?bookstore_id-1=584&term_id-1=2026 Fall&crn-1=91713","See department for permission to enroll."
"202690","CHEM701C","MASTERS THESIS","143","91714","","TBA"," ","Open","19","0","Li, Mengyan","Face-to-Face","6","https://www.bkstr.com/webapp/wcs/stores/servlet/booklookServlet?bookstore_id-1=584&term_id-1=2026 Fall&crn-1=91714","See department for permission to enroll."
"202690","CHEM701C","MASTERS THESIS","144","91715","","TBA"," ","Open","19","0","Zhang, Lijie","Face-to-Face","6","https://www.bkstr.com/webapp/wcs/stores/servlet/booklookServlet?bookstore_id-1=584&term_id-1=2026 Fall&crn-1=91715","See department for permission to enroll."
"202690","CHEM701C","MASTERS THESIS","148","91716","","TBA"," ","Open","19","0","Mitra, Somenath","Face-to-Face","6","https://www.bkstr.com/webapp/wcs/stores/servlet/booklookServlet?bookstore_id-1=584&term_id-1=2026 Fall&crn-1=91716","See department for permission to enroll."
"202690","CHEM701C","MASTERS THESIS","151","91717","","TBA"," ","Open","19","0","Warner, Genoa","Face-to-Face","6","https://www.bkstr.com/webapp/wcs/stores/servlet/booklookServlet?bookstore_id-1=584&term_id-1=2026 Fall&crn-1=91717","See department for permission to enroll."
"202690","CHEM701C","MASTERS THESIS","152","91718","","TBA"," ","Open","19","0","Zhang, Yuanwei","Face-to-Face","6","https://www.bkstr.com/webapp/wcs/stores/servlet/booklookServlet?bookstore_id-1=584&term_id-1=2026 Fall&crn-1=91718","See department for permission to enroll."
"202690","CHEM701C","MASTERS THESIS","156","91719","","TBA"," ","Open","19","0","Farinas, Edgardo","Face-to-Face","6","https://www.bkstr.com/webapp/wcs/stores/servlet/booklookServlet?bookstore_id-1=584&term_id-1=2026 Fall&crn-1=91719","See department for permission to enroll."
"202690","CHEM701C","MASTERS THESIS","158","91720","","TBA"," ","Open","19","0","Khalizov, Alexei","Face-to-Face","6","https://www.bkstr.com/webapp/wcs/stores/servlet/booklookServlet?bookstore_id-1=584&term_id-1=2026 Fall&crn-1=91720","See department for permission to enroll."
"202690","CHEM701C","MASTERS THESIS","161","91721","","TBA"," ","Open","19","0","","Face-to-Face","6","https://www.bkstr.com/webapp/wcs/stores/servlet/booklookServlet?bookstore_id-1=584&term_id-1=2026 Fall&crn-1=91721","See department for permission to enroll."
"202690","CHEM701C","MASTERS THESIS","843","91722","","TBA"," ","Open","19","0","Qiu, Zeyuan","Face-to-Face","6","https://www.bkstr.com/webapp/wcs/stores/servlet/booklookServlet?bookstore_id-1=584&term_id-1=2026 Fall&crn-1=91722","See department for permission to enroll."
"202690","CHEM702","ST:SPECTROMETRIC IDENTIFICATIONS OF ORGANIC COMPOUNDS","101","91723","M","6:00 PM - 8:50 PM","FMH 305","Open","25","8","Pacheco, Carlos","Face-to-Face","3","https://www.bkstr.com/webapp/wcs/stores/servlet/booklookServlet?bookstore_id-1=584&term_id-1=2026 Fall&crn-1=91723",""
"202690","CHEM714","PHARMACEUTICAL ANALYSIS","101","91724","W","6:00 PM - 8:50 PM","ME 221","Open","43","13","Previs, Stephen","Converged Learning","3","https://www.bkstr.com/webapp/wcs/stores/servlet/booklookServlet?bookstore_id-1=584&term_id-1=2026 Fall&crn-1=91724","Converged Learning Course<br />https://www.njit.edu/registrar/instructionaldelivery"
"202690","CHEM716","INTEGRATED DRUG DEV & DISCOVER","101","96428","T","6:00 PM - 8:50 PM","CULM LECT 2","Open","25","15","Previs, Stephen","Converged Learning","3","https://www.bkstr.com/webapp/wcs/stores/servlet/booklookServlet?bookstore_id-1=584&term_id-1=2026 Fall&crn-1=96428","Converged Learning Course<br />https://www.njit.edu/registrar/instructionaldelivery"
"202690","CHEM725","INDEPENDENT STUDY I","131","91725","","TBA"," ","Open","19","0","Sadik, Wunmi","Face-to-Face","3","https://www.bkstr.com/webapp/wcs/stores/servlet/booklookServlet?bookstore_id-1=584&term_id-1=2026 Fall&crn-1=91725","See department for permission to enroll."
"202690","CHEM725","INDEPENDENT STUDY I","132","91726","","TBA"," ","Open","19","0","Chen, Hao","Face-to-Face","3","https://www.bkstr.com/webapp/wcs/stores/servlet/booklookServlet?bookstore_id-1=584&term_id-1=2026 Fall&crn-1=91726","See department for permission to enroll."
"202690","CHEM725","INDEPENDENT STUDY I","135","91727","","TBA"," ","Open","19","1","Champagne, Pier Alexandre","Face-to-Face","3","https://www.bkstr.com/webapp/wcs/stores/servlet/booklookServlet?bookstore_id-1=584&term_id-1=2026 Fall&crn-1=91727","See department for permission to enroll."
"202690","CHEM725","INDEPENDENT STUDY I","136","91728","","TBA"," ","Open","19","0","Gund, Tamara","Face-to-Face","3","https://www.bkstr.com/webapp/wcs/stores/servlet/booklookServlet?bookstore_id-1=584&term_id-1=2026 Fall&crn-1=91728","See department for permission to enroll."
"202690","CHEM725","INDEPENDENT STUDY I","137","91729","","TBA"," ","Open","19","0","Eberhart, Michael","Face-to-Face","3","https://www.bkstr.com/webapp/wcs/stores/servlet/booklookServlet?bookstore_id-1=584&term_id-1=2026 Fall&crn-1=91729","See department for permission to enroll."
"202690","CHEM725","INDEPENDENT STUDY I","138","91730","","TBA"," ","Open","19","0","Shakib, Farnaz","Face-to-Face","3","https://www.bkstr.com/webapp/wcs/stores/servlet/booklookServlet?bookstore_id-1=584&term_id-1=2026 Fall&crn-1=91730","See department for permission to enroll."
"202690","CHEM725","INDEPENDENT STUDY I","141","91731","","TBA"," ","Open","19","0","Casado Zapico, Sai","Face-to-Face","3","https://www.bkstr.com/webapp/wcs/stores/servlet/booklookServlet?bookstore_id-1=584&term_id-1=2026 Fall&crn-1=91731","See department for permission to enroll."
"202690","CHEM725","INDEPENDENT STUDY I","142","91732","","TBA"," ","Open","19","0","Belfield, Kevin","Face-to-Face","3","https://www.bkstr.com/webapp/wcs/stores/servlet/booklookServlet?bookstore_id-1=584&term_id-1=2026 Fall&crn-1=91732","See department for permission to enroll."
"202690","CHEM725","INDEPENDENT STUDY I","143","91733","","TBA"," ","Open","19","0","Li, Mengyan","Face-to-Face","3","https://www.bkstr.com/webapp/wcs/stores/servlet/booklookServlet?bookstore_id-1=584&term_id-1=2026 Fall&crn-1=91733","See department for permission to enroll."
"202690","CHEM725","INDEPENDENT STUDY I","144","91734","","TBA"," ","Open","19","0","Zhang, Lijie","Face-to-Face","3","https://www.bkstr.com/webapp/wcs/stores/servlet/booklookServlet?bookstore_id-1=584&term_id-1=2026 Fall&crn-1=91734","See department for permission to enroll."
"202690","CHEM725","INDEPENDENT STUDY I","148","91735","","TBA"," ","Open","19","0","Mitra, Somenath","Face-to-Face","3","https://www.bkstr.com/webapp/wcs/stores/servlet/booklookServlet?bookstore_id-1=584&term_id-1=2026 Fall&crn-1=91735","See department for permission to enroll."
"202690","CHEM725","INDEPENDENT STUDY I","151","91736","","TBA"," ","Open","19","0","Warner, Genoa","Face-to-Face","3","https://www.bkstr.com/webapp/wcs/stores/servlet/booklookServlet?bookstore_id-1=584&term_id-1=2026 Fall&crn-1=91736","See department for permission to enroll."
"202690","CHEM725","INDEPENDENT STUDY I","152","91737","","TBA"," ","Open","19","0","Zhang, Yuanwei","Face-to-Face","3","https://www.bkstr.com/webapp/wcs/stores/servlet/booklookServlet?bookstore_id-1=584&term_id-1=2026 Fall&crn-1=91737","See department for permission to enroll."
"202690","CHEM725","INDEPENDENT STUDY I","156","91738","","TBA"," ","Open","19","0","Farinas, Edgardo","Face-to-Face","3","https://www.bkstr.com/webapp/wcs/stores/servlet/booklookServlet?bookstore_id-1=584&term_id-1=2026 Fall&crn-1=91738","See department for permission to enroll."
"202690","CHEM725","INDEPENDENT STUDY I","158","91739","","TBA"," ","Open","19","0","Khalizov, Alexei","Face-to-Face","3","https://www.bkstr.com/webapp/wcs/stores/servlet/booklookServlet?bookstore_id-1=584&term_id-1=2026 Fall&crn-1=91739","See department for permission to enroll."
"202690","CHEM725","INDEPENDENT STUDY I","161","91740","","TBA"," ","Open","19","0","","Face-to-Face","3","https://www.bkstr.com/webapp/wcs/stores/servlet/booklookServlet?bookstore_id-1=584&term_id-1=2026 Fall&crn-1=91740","See department for permission to enroll."
"202690","CHEM725","INDEPENDENT STUDY I","163","96275","","TBA"," ","Open","19","1","Previs, Stephen","Face-to-Face","3","https://www.bkstr.com/webapp/wcs/stores/servlet/booklookServlet?bookstore_id-1=584&term_id-1=2026 Fall&crn-1=96275","See department for permission to enroll."
"202690","CHEM725","INDEPENDENT STUDY I","843","91741","","TBA"," ","Open","19","0","Qiu, Zeyuan","Face-to-Face","3","https://www.bkstr.com/webapp/wcs/stores/servlet/booklookServlet?bookstore_id-1=584&term_id-1=2026 Fall&crn-1=91741","See department for permission to enroll."
"202690","CHEM726","INDEPENDENT STUDY II","131","91742","","TBA"," ","Open","19","0","Sadik, Wunmi","Face-to-Face","3","https://www.bkstr.com/webapp/wcs/stores/servlet/booklookServlet?bookstore_id-1=584&term_id-1=2026 Fall&crn-1=91742","See department for permission to enroll."
"202690","CHEM726","INDEPENDENT STUDY II","132","91743","","TBA"," ","Open","19","0","Chen, Hao","Face-to-Face","3","https://www.bkstr.com/webapp/wcs/stores/servlet/booklookServlet?bookstore_id-1=584&term_id-1=2026 Fall&crn-1=91743","See department for permission to enroll."
"202690","CHEM726","INDEPENDENT STUDY II","135","91744","","TBA"," ","Open","19","0","Champagne, Pier Alexandre","Face-to-Face","3","https://www.bkstr.com/webapp/wcs/stores/servlet/booklookServlet?bookstore_id-1=584&term_id-1=2026 Fall&crn-1=91744","See department for permission to enroll."
"202690","CHEM726","INDEPENDENT STUDY II","136","91745","","TBA"," ","Open","19","0","Gund, Tamara","Face-to-Face","3","https://www.bkstr.com/webapp/wcs/stores/servlet/booklookServlet?bookstore_id-1=584&term_id-1=2026 Fall&crn-1=91745","See department for permission to enroll."
"202690","CHEM726","INDEPENDENT STUDY II","137","91746","","TBA"," ","Open","19","1","Eberhart, Michael","Face-to-Face","3","https://www.bkstr.com/webapp/wcs/stores/servlet/booklookServlet?bookstore_id-1=584&term_id-1=2026 Fall&crn-1=91746","See department for permission to enroll."
"202690","CHEM726","INDEPENDENT STUDY II","138","91747","","TBA"," ","Open","19","0","Shakib, Farnaz","Face-to-Face","3","https://www.bkstr.com/webapp/wcs/stores/servlet/booklookServlet?bookstore_id-1=584&term_id-1=2026 Fall&crn-1=91747","See department for permission to enroll."
"202690","CHEM726","INDEPENDENT STUDY II","141","91748","","TBA"," ","Open","19","0","Casado Zapico, Sai","Face-to-Face","3","https://www.bkstr.com/webapp/wcs/stores/servlet/booklookServlet?bookstore_id-1=584&term_id-1=2026 Fall&crn-1=91748","See department for permission to enroll."
"202690","CHEM726","INDEPENDENT STUDY II","142","91749","","TBA"," ","Open","19","0","Belfield, Kevin","Face-to-Face","3","https://www.bkstr.com/webapp/wcs/stores/servlet/booklookServlet?bookstore_id-1=584&term_id-1=2026 Fall&crn-1=91749","See department for permission to enroll."
"202690","CHEM726","INDEPENDENT STUDY II","143","91750","","TBA"," ","Open","19","0","Li, Mengyan","Face-to-Face","3","https://www.bkstr.com/webapp/wcs/stores/servlet/booklookServlet?bookstore_id-1=584&term_id-1=2026 Fall&crn-1=91750","See department for permission to enroll."
"202690","CHEM726","INDEPENDENT STUDY II","144","91751","","TBA"," ","Open","19","0","Zhang, Lijie","Face-to-Face","3","https://www.bkstr.com/webapp/wcs/stores/servlet/booklookServlet?bookstore_id-1=584&term_id-1=2026 Fall&crn-1=91751","See department for permission to enroll."
"202690","CHEM726","INDEPENDENT STUDY II","148","91752","","TBA"," ","Open","19","0","Mitra, Somenath","Face-to-Face","3","https://www.bkstr.com/webapp/wcs/stores/servlet/booklookServlet?bookstore_id-1=584&term_id-1=2026 Fall&crn-1=91752","See department for permission to enroll."
"202690","CHEM726","INDEPENDENT STUDY II","151","91753","","TBA"," ","Open","19","0","Warner, Genoa","Face-to-Face","3","https://www.bkstr.com/webapp/wcs/stores/servlet/booklookServlet?bookstore_id-1=584&term_id-1=2026 Fall&crn-1=91753","See department for permission to enroll."
"202690","CHEM726","INDEPENDENT STUDY II","152","91754","","TBA"," ","Open","19","0","Zhang, Yuanwei","Face-to-Face","3","https://www.bkstr.com/webapp/wcs/stores/servlet/booklookServlet?bookstore_id-1=584&term_id-1=2026 Fall&crn-1=91754","See department for permission to enroll."
"202690","CHEM726","INDEPENDENT STUDY II","156","91755","","TBA"," ","Open","19","0","Farinas, Edgardo","Face-to-Face","3","https://www.bkstr.com/webapp/wcs/stores/servlet/booklookServlet?bookstore_id-1=584&term_id-1=2026 Fall&crn-1=91755","See department for permission to enroll."
"202690","CHEM726","INDEPENDENT STUDY II","158","91756","","TBA"," ","Open","19","0","Khalizov, Alexei","Face-to-Face","3","https://www.bkstr.com/webapp/wcs/stores/servlet/booklookServlet?bookstore_id-1=584&term_id-1=2026 Fall&crn-1=91756","See department for permission to enroll."
"202690","CHEM726","INDEPENDENT STUDY II","161","91757","","TBA"," ","Open","19","0","","Face-to-Face","3","https://www.bkstr.com/webapp/wcs/stores/servlet/booklookServlet?bookstore_id-1=584&term_id-1=2026 Fall&crn-1=91757","See department for permission to enroll."
"202690","CHEM726","INDEPENDENT STUDY II","843","91758","","TBA"," ","Open","19","0","Qiu, Zeyuan","Face-to-Face","3","https://www.bkstr.com/webapp/wcs/stores/servlet/booklookServlet?bookstore_id-1=584&term_id-1=2026 Fall&crn-1=91758","See department for permission to enroll."
"202690","CHEM790A","DOCTORAL DISSERTATION","131","91759","","TBA"," ","Open","19","2","Sadik, Wunmi","Face-to-Face","1","https://www.bkstr.com/webapp/wcs/stores/servlet/booklookServlet?bookstore_id-1=584&term_id-1=2026 Fall&crn-1=91759","See department for permission to enroll."
"202690","CHEM790A","DOCTORAL DISSERTATION","132","91760","","TBA"," ","Open","19","4","Chen, Hao","Face-to-Face","1","https://www.bkstr.com/webapp/wcs/stores/servlet/booklookServlet?bookstore_id-1=584&term_id-1=2026 Fall&crn-1=91760","See department for permission to enroll."
"202690","CHEM790A","DOCTORAL DISSERTATION","135","91761","","TBA"," ","Open","19","1","Champagne, Pier Alexandre","Face-to-Face","1","https://www.bkstr.com/webapp/wcs/stores/servlet/booklookServlet?bookstore_id-1=584&term_id-1=2026 Fall&crn-1=91761","See department for permission to enroll."
"202690","CHEM790A","DOCTORAL DISSERTATION","136","91762","","TBA"," ","Open","19","0","Gund, Tamara","Face-to-Face","1","https://www.bkstr.com/webapp/wcs/stores/servlet/booklookServlet?bookstore_id-1=584&term_id-1=2026 Fall&crn-1=91762","See department for permission to enroll."
"202690","CHEM790A","DOCTORAL DISSERTATION","137","91763","","TBA"," ","Open","19","0","Eberhart, Michael","Face-to-Face","1","https://www.bkstr.com/webapp/wcs/stores/servlet/booklookServlet?bookstore_id-1=584&term_id-1=2026 Fall&crn-1=91763","See department for permission to enroll."
"202690","CHEM790A","DOCTORAL DISSERTATION","138","91764","","TBA"," ","Open","19","1","Shakib, Farnaz","Face-to-Face","1","https://www.bkstr.com/webapp/wcs/stores/servlet/booklookServlet?bookstore_id-1=584&term_id-1=2026 Fall&crn-1=91764","See department for permission to enroll."
"202690","CHEM790A","DOCTORAL DISSERTATION","141","91765","","TBA"," ","Open","19","0","Casado Zapico, Sai","Face-to-Face","1","https://www.bkstr.com/webapp/wcs/stores/servlet/booklookServlet?bookstore_id-1=584&term_id-1=2026 Fall&crn-1=91765","See department for permission to enroll."
"202690","CHEM790A","DOCTORAL DISSERTATION","142","91766","","TBA"," ","Open","19","0","Belfield, Kevin","Face-to-Face","1","https://www.bkstr.com/webapp/wcs/stores/servlet/booklookServlet?bookstore_id-1=584&term_id-1=2026 Fall&crn-1=91766","See department for permission to enroll."
"202690","CHEM790A","DOCTORAL DISSERTATION","143","91767","","TBA"," ","Open","19","1","Li, Mengyan","Face-to-Face","1","https://www.bkstr.com/webapp/wcs/stores/servlet/booklookServlet?bookstore_id-1=584&term_id-1=2026 Fall&crn-1=91767","See department for permission to enroll."
"202690","CHEM790A","DOCTORAL DISSERTATION","144","91768","","TBA"," ","Open","19","1","Zhang, Lijie","Face-to-Face","1","https://www.bkstr.com/webapp/wcs/stores/servlet/booklookServlet?bookstore_id-1=584&term_id-1=2026 Fall&crn-1=91768","See department for permission to enroll."
"202690","CHEM790A","DOCTORAL DISSERTATION","148","91769","","TBA"," ","Open","19","1","Mitra, Somenath","Face-to-Face","1","https://www.bkstr.com/webapp/wcs/stores/servlet/booklookServlet?bookstore_id-1=584&term_id-1=2026 Fall&crn-1=91769","See department for permission to enroll."
"202690","CHEM790A","DOCTORAL DISSERTATION","151","91770","","TBA"," ","Open","19","1","Warner, Genoa","Face-to-Face","1","https://www.bkstr.com/webapp/wcs/stores/servlet/booklookServlet?bookstore_id-1=584&term_id-1=2026 Fall&crn-1=91770","See department for permission to enroll."
"202690","CHEM790A","DOCTORAL DISSERTATION","152","91771","","TBA"," ","Open","19","0","Zhang, Yuanwei","Face-to-Face","1","https://www.bkstr.com/webapp/wcs/stores/servlet/booklookServlet?bookstore_id-1=584&term_id-1=2026 Fall&crn-1=91771","See department for permission to enroll."
"202690","CHEM790A","DOCTORAL DISSERTATION","156","91772","","TBA"," ","Open","19","1","Farinas, Edgardo","Face-to-Face","1","https://www.bkstr.com/webapp/wcs/stores/servlet/booklookServlet?bookstore_id-1=584&term_id-1=2026 Fall&crn-1=91772","See department for permission to enroll."
"202690","CHEM790A","DOCTORAL DISSERTATION","158","91773","","TBA"," ","Open","19","2","Khalizov, Alexei","Face-to-Face","1","https://www.bkstr.com/webapp/wcs/stores/servlet/booklookServlet?bookstore_id-1=584&term_id-1=2026 Fall&crn-1=91773","See department for permission to enroll."
"202690","CHEM790A","DOCTORAL DISSERTATION","161","91774","","TBA"," ","Open","19","1","Del Castillo, Trevor","Face-to-Face","1","https://www.bkstr.com/webapp/wcs/stores/servlet/booklookServlet?bookstore_id-1=584&term_id-1=2026 Fall&crn-1=91774","See department for permission to enroll."
"202690","CHEM790A","DOCTORAL DISSERTATION","843","91775","","TBA"," ","Open","19","0","Qiu, Zeyuan","Face-to-Face","1","https://www.bkstr.com/webapp/wcs/stores/servlet/booklookServlet?bookstore_id-1=584&term_id-1=2026 Fall&crn-1=91775","See department for permission to enroll."
"202690","CHEM791","GRADUATE SEMINAR","001","91776","W","1:00 PM - 2:20 PM","CKB 303","Open","60","27","","Face-to-Face","0","https://www.bkstr.com/webapp/wcs/stores/servlet/booklookServlet?bookstore_id-1=584&term_id-1=2026 Fall&crn-1=91776",""
"202690","CHEM792B","PRE-DOCTORAL RESEARCH","131","91777","","TBA"," ","Open","19","0","Sadik, Wunmi","Face-to-Face","3","https://www.bkstr.com/webapp/wcs/stores/servlet/booklookServlet?bookstore_id-1=584&term_id-1=2026 Fall&crn-1=91777","See department for permission to enroll."
"202690","CHEM792B","PRE-DOCTORAL RESEARCH","132","91778","","TBA"," ","Open","19","0","Chen, Hao","Face-to-Face","3","https://www.bkstr.com/webapp/wcs/stores/servlet/booklookServlet?bookstore_id-1=584&term_id-1=2026 Fall&crn-1=91778","See department for permission to enroll."
"202690","CHEM792B","PRE-DOCTORAL RESEARCH","135","91779","","TBA"," ","Open","19","0","Champagne, Pier Alexandre","Face-to-Face","3","https://www.bkstr.com/webapp/wcs/stores/servlet/booklookServlet?bookstore_id-1=584&term_id-1=2026 Fall&crn-1=91779","See department for permission to enroll."
"202690","CHEM792B","PRE-DOCTORAL RESEARCH","136","91780","","TBA"," ","Open","19","0","Gund, Tamara","Face-to-Face","3","https://www.bkstr.com/webapp/wcs/stores/servlet/booklookServlet?bookstore_id-1=584&term_id-1=2026 Fall&crn-1=91780","See department for permission to enroll."
"202690","CHEM792B","PRE-DOCTORAL RESEARCH","137","91781","","TBA"," ","Open","19","1","Eberhart, Michael","Face-to-Face","3","https://www.bkstr.com/webapp/wcs/stores/servlet/booklookServlet?bookstore_id-1=584&term_id-1=2026 Fall&crn-1=91781","See department for permission to enroll."
"202690","CHEM792B","PRE-DOCTORAL RESEARCH","138","91782","","TBA"," ","Open","19","1","Shakib, Farnaz","Face-to-Face","3","https://www.bkstr.com/webapp/wcs/stores/servlet/booklookServlet?bookstore_id-1=584&term_id-1=2026 Fall&crn-1=91782","See department for permission to enroll."
"202690","CHEM792B","PRE-DOCTORAL RESEARCH","141","91783","","TBA"," ","Open","19","2","Casado Zapico, Sai","Face-to-Face","3","https://www.bkstr.com/webapp/wcs/stores/servlet/booklookServlet?bookstore_id-1=584&term_id-1=2026 Fall&crn-1=91783","See department for permission to enroll."
"202690","CHEM792B","PRE-DOCTORAL RESEARCH","142","91784","","TBA"," ","Open","19","0","Belfield, Kevin","Face-to-Face","3","https://www.bkstr.com/webapp/wcs/stores/servlet/booklookServlet?bookstore_id-1=584&term_id-1=2026 Fall&crn-1=91784","See department for permission to enroll."
"202690","CHEM792B","PRE-DOCTORAL RESEARCH","143","91785","","TBA"," ","Open","19","0","Li, Mengyan","Face-to-Face","3","https://www.bkstr.com/webapp/wcs/stores/servlet/booklookServlet?bookstore_id-1=584&term_id-1=2026 Fall&crn-1=91785","See department for permission to enroll."
"202690","CHEM792B","PRE-DOCTORAL RESEARCH","144","91786","","TBA"," ","Open","19","0","Zhang, Lijie","Face-to-Face","3","https://www.bkstr.com/webapp/wcs/stores/servlet/booklookServlet?bookstore_id-1=584&term_id-1=2026 Fall&crn-1=91786","See department for permission to enroll."
"202690","CHEM792B","PRE-DOCTORAL RESEARCH","148","91787","","TBA"," ","Open","19","0","Mitra, Somenath","Face-to-Face","3","https://www.bkstr.com/webapp/wcs/stores/servlet/booklookServlet?bookstore_id-1=584&term_id-1=2026 Fall&crn-1=91787","See department for permission to enroll."
"202690","CHEM792B","PRE-DOCTORAL RESEARCH","151","91788","","TBA"," ","Open","19","1","Warner, Genoa","Face-to-Face","3","https://www.bkstr.com/webapp/wcs/stores/servlet/booklookServlet?bookstore_id-1=584&term_id-1=2026 Fall&crn-1=91788","See department for permission to enroll."
"202690","CHEM792B","PRE-DOCTORAL RESEARCH","152","91789","","TBA"," ","Open","19","2","Zhang, Yuanwei","Face-to-Face","3","https://www.bkstr.com/webapp/wcs/stores/servlet/booklookServlet?bookstore_id-1=584&term_id-1=2026 Fall&crn-1=91789","See department for permission to enroll."
"202690","CHEM792B","PRE-DOCTORAL RESEARCH","156","91790","","TBA"," ","Open","19","0","Farinas, Edgardo","Face-to-Face","3","https://www.bkstr.com/webapp/wcs/stores/servlet/booklookServlet?bookstore_id-1=584&term_id-1=2026 Fall&crn-1=91790","See department for permission to enroll."
"202690","CHEM792B","PRE-DOCTORAL RESEARCH","158","91791","","TBA"," ","Open","19","0","Khalizov, Alexei","Face-to-Face","3","https://www.bkstr.com/webapp/wcs/stores/servlet/booklookServlet?bookstore_id-1=584&term_id-1=2026 Fall&crn-1=91791","See department for permission to enroll."
"202690","CHEM792B","PRE-DOCTORAL RESEARCH","161","91792","","TBA"," ","Open","19","0","Del Castillo, Trevor","Face-to-Face","3","https://www.bkstr.com/webapp/wcs/stores/servlet/booklookServlet?bookstore_id-1=584&term_id-1=2026 Fall&crn-1=91792","See department for permission to enroll."
"202690","CHEM792B","PRE-DOCTORAL RESEARCH","162","91793","","TBA"," ","Open","19","1","Jimenez Aleman, Guillermo","Face-to-Face","3","https://www.bkstr.com/webapp/wcs/stores/servlet/booklookServlet?bookstore_id-1=584&term_id-1=2026 Fall&crn-1=91793","See department for permission to enroll."
"202690","CHEM792B","PRE-DOCTORAL RESEARCH","843","91794","","TBA"," ","Open","19","0","Qiu, Zeyuan","Face-to-Face","3","https://www.bkstr.com/webapp/wcs/stores/servlet/booklookServlet?bookstore_id-1=584&term_id-1=2026 Fall&crn-1=91794","See department for permission to enroll."
